22226400.045798253 1267961.96272537 -1.3297876400254245
22226399.33928921 1267962.6088477715 0.5462595767655062
22226400.38307288 1267962.7659074387 2.0243622192336788
22226400.334657 1267961.1583051241 -0.3510350927019241
22226402.956424296 1267961.5959053407 0.9802347372753892
22226399.53560776 1267961.72898087 -0.2701933337126955
22226397.499245297 1267960.8953566405 1.8486555456508986
22226401.042996477 1267962.617352482 -0.5110909422424335
22226399.83574111 1267962.2051650833 -1.6537308833433981
22226396.81100778 1267962.517328903 -1.5189883247327076
22226399.693114385 1267963.0289886417 1.6397690752697076
22226399.557729736 1267962.405015723 -1.0217658951774122
22226400.01199191 1267963.0585641167 1.1998282630816663
22226399.212359022 1267960.1090319508 2.2746427497272173
22226401.43300123 1267960.7688161333 -1.7061261237340917
22226398.468164776 1267959.214116047 1.0918559707155737
22226401.61373245 1267961.5545694863 0.7218138620002547
22226398.290972516 1267961.610518987 1.368242305233954
22226401.45248214 1267961.7616323968 -0.6130534775764251
22226400.251164276 1267962.5459903094 0.41960404636493376
22226399.439585205 1267961.9509361358 0.6700791064376561
22226399.449889027 1267961.7526537285 2.1462944390036798
22226399.469419193 1267962.3173675367 -1.3263128044530414
22226399.003581524 1267961.2896195692 -1.9956339304538053
22226398.241977856 1267961.6243109438 -2.8539479448783562
22226399.67169781 1267962.210614381 0.3722446963466437
22226398.334495973 1267961.2675992688 -0.37123942245146524
22226399.4206657 1267961.7493940506 -0.4119952834508564
22226399.729397584 1267962.546116186 -0.9816755578989641
22226400.195517235 1267961.9847596453 -0.852583515370765
22226399.6513036 1267963.168214793 2.219715683306378
22226400.660198826 1267961.719757464 0.161676506720928
22226400.01548937 1267962.0460588646 -0.19594918710760956
22226400.124287657 1267961.7067143575 2.89878721806739
22226399.979129326 1267961.1802422865 -2.8739175489698217
22226399.63603667 1267961.9275729356 -0.15747295066469436
22226400.40014738 1267963.088039078 -3.0961565348768834
22226399.351144623 1267961.445704438 -1.1020511522132552
22226399.08070032 1267960.4726275976 1.095674899857966
22226398.810780678 1267960.4645330848 -1.3879422519345168
22226399.75294113 1267962.0983132522 0.09273485896040619
22226401.193398956 1267959.8925374548 -1.266830509986688
22226401.198090762 1267960.4318616984 1.2498841194016896
22226398.763202146 1267961.5453649724 -0.4775392255023368
22226399.783560175 1267962.4463333827 1.6582295054603178
22226400.37600774 1267962.93427809 2.3026528104306405
22226400.79348509 1267961.7922886708 -2.69153651485402
22226400.835340884 1267962.5648423862 1.561949484486396
22226400.84172452 1267962.769198157 -0.6683755092889923
22226399.72201452 1267962.0080833996 0.006718444469984162
22226400.08318384 1267962.6176845983 -1.1269751797875516
22226399.402099766 1267962.2533905264 0.9605780604004467
22226400.220072586 1267962.9988032363 2.309478777996067
22226399.693933234 1267963.491351443 2.906930346294688
22226399.565160748 1267962.6488405888 1.2351990282712684
22226401.537097298 1267962.8173314375 0.3079134079993607
22226401.190580245 1267962.1477247062 -2.51573597953511
22226398.13238671 1267963.7486813234 -0.3935170922889119
22226398.182302505 1267960.4942592117 -1.7130567158970142
22226397.31401133 1267960.5752556724 0.5116626988854793
22226400.40587855 1267961.6916785236 -0.07082404093844392
22226400.891924553 1267961.026140931 0.18668237127049608
22226400.299658 1267960.8002594868 -2.525986619962943
22226399.72875166 1267962.0671438584 0.10938017453966184
22226399.79486886 1267961.9715227052 2.4208597431689007
22226400.9464004 1267961.6984032944 -1.778295836148934
22226399.800415955 1267962.5103508567 0.13860347024461386
22226399.788639084 1267962.8102177996 -1.5297201755533716
22226398.669821903 1267961.782835762 0.0552704218486729
22226400.068689022 1267961.4784557356 -1.7529792206196357
22226399.862244513 1267962.2790288434 0.9621260601567124
22226400.049127337 1267961.789206043 0.11657331267808144
22226400.364964206 1267962.5520036663 0.4499733162960447
22226399.58365308 1267961.5139037715 0.43797876714607686
22226400.21633508 1267961.8271930092 0.010074064774397422
22226399.12107368 1267961.1091689332 -1.4698067724708712
22226399.72634784 1267961.7338113661 -1.3431932172263428
22226399.913023427 1267962.0193704988 -0.003830074144048178
22226400.354491636 1267960.6352553817 -1.4304894788114317
22226397.01628526 1267962.8465369227 -0.12934184009311733
22226398.734924134 1267963.47730714 0.16529824504282298