22078163.02640642 1930002.0990103947 0.06306216889308605
22078163.264864475 1930002.4433854416 -1.84951519282429
22078163.10310259 1930002.7625013236 -2.4010256611824508
22078161.4173831 1930001.096992807 0.0037835845830618553
22078162.42679039 1930003.8377178267 -0.4049924418804927
22078160.343847107 1930002.2350756023 -0.7099944333259958
22078164.48606287 1930002.6176578025 -1.7021648094842934
22078162.260650866 1930002.1683231809 -0.7032892437679137
22078163.347409636 1930001.4036435564 0.4316569859424111
22078163.0235156 1930002.4382562516 0.8957618274215363
22078160.862297185 1930002.2848351984 -0.9428346326009777
22078165.25460402 1930002.7991773365 -0.04009355202770455
22078161.34756829 1930000.9316278938 -1.0344302333581954
22078162.401757084 1930002.916259496 1.729341879390426
22078163.94726939 1930003.9444777768 0.055484256668834865
22078162.945267983 1930002.3077486672 1.9186729512060634
22078163.653486915 1930001.501877193 -0.48821770154115196
22078165.0503416 1930002.5066259573 -2.2991101461460275
22078160.48918745 1930001.809803852 0.02637796681084724
22078165.074743766 1930002.005740189 1.7641807434200878
22078163.053422347 1930003.1785124028 -0.2156778224084464
22078163.181277584 1930001.1050399346 1.036896515691984
22078163.89917668 1930001.9626690443 -0.9557112131937594
22078161.1952313 1930003.436102998 0.5395014381401901
22078162.85323581 1930001.1959377867 -1.1389319166590635
22078164.45560078 1930003.489225952 0.46119773714619006
22078164.920003593 1930001.168292853 -0.17517216824456852
22078162.708284043 1930000.8448829858 1.5752871420572028
22078162.907412484 1930000.4809905775 -1.22939333454504
22078161.776018724 1930000.3929389047 0.6035897219459224
22078164.20240202 1930002.535007552 0.9807653883864971
22078163.938622776 1930002.656218793 0.39355715309830547
22078160.505710788 1930002.060208928 -0.1032285999402851
22078163.494442567 1930002.8128206946 -1.0103328541761452
22078165.34983779 1930002.2944898645 0.5060618372299851
22078164.564206053 1930002.8109616449 0.5171949991159204
22078162.49359855 1930004.176074274 -0.08564391911568887
22078162.533813775 1930001.1759084468 -0.472935660565062
22078162.665133353 1930003.502516189 -1.2232865336609415
22078163.353007596 1930003.1001088852 -0.24019091652502672
22078164.723390948 1930001.6074082332 1.0796057894287623
22078162.100821503 1930001.40072321 -0.48953581251373557
22078161.73622517 1930001.3112024746 0.727332514583857
22078165.33563701 1930000.7619011607 0.8683648871007118
22078163.40167171 1930003.2109601623 1.1406499716493317
22078162.49646629 1930001.9990928704 -1.121703988026351
22078165.049670085 1930001.8594025534 -0.49751735225318444
22078162.597114228 1930001.9982840153 2.4449404245595154
22078163.286858406 1930003.6663119022 -1.3420177046142963
22078161.787537243 1930002.2791657017 1.0715531968342953
22078162.769787807 1930002.061568491 0.3302599665330021
22078163.148388654 1930002.2366872893 -0.989441580374174
22078162.486299936 1930002.358478526 0.5626394550138568
22078163.74749889 1930003.5851052671 -0.5092203342546445
22078162.492191676 1930002.592825058 -0.8953213010856309
22078162.545630295 1930000.8534550648 0.5405462580639826
22078163.99093566 1930002.0964001655 -0.1099588996807794
22078165.5091816 1930002.7137167137 0.27875709958515765
22078159.9574981 1930002.9142886654 -0.7068127922179133
22078162.691528626 1930003.3388302713 0.23927327640936807
22078163.912931766 1930001.9702390216 0.0673959438372253
22078163.04735326 1930002.1982315958 0.32381456527706
22078164.869861916 1930004.2159203037 -1.1048966926908494
22078162.333716985 1930001.3602797305 0.5543234500937895
22078162.340987507 1930004.1132513473 0.4362878728950974
22078163.550388023 1930001.3508405767 -0.0940154451523951
22078163.840015337 1930000.3859282504 -0.8444775474647763
22078163.5486403 1930003.9641929097 0.24673987859227073
22078163.59143269 1930002.8643059528 0.4585455670781361
22078161.52709074 1930002.2040545181 0.4098058082042983
22078163.50660261 1930002.8227399844 -0.2728244755145244
22078163.75116876 1930002.6302363537 -1.361231122393957
22078164.347779546 1930000.9439263265 0.48635205446999585
22078163.262493175 1930001.3885751644 -0.5708420402829011
22078163.89656811 1930001.075396757 1.1095362422552475
22078165.02225841 1930002.5320449718 0.20429923307272768
22078162.051996972 1930002.9989013136 1.1931952402449197
22078161.634494793 1930002.4411008013 -0.17349638695345734
22078161.416809864 1930002.0890574632 -1.5654713591395863
22078161.625964183 1930001.6474066675 -1.3057212646125722
22078162.26002988 1930004.2718163293 -0.49252702468544063