3570859.0865652133 21404630.406169724 0.9427657271807313
3570859.034128168 21404628.851117916 0.36854005397681366
3570859.4433251694 21404629.95382573 0.626655547694648
3570858.909957777 21404632.03519273 -0.5752277056830155
3570861.1472522854 21404630.947292075 -0.06281455393293492
3570857.9907084797 21404632.652601752 0.07368049110094986
3570858.2535254145 21404633.23807505 -0.876080088338264
3570860.0362236323 21404631.15511654 0.4726871903253892
3570860.0109927114 21404632.482130706 1.4025647737137097
3570860.358280517 21404630.945295405 -0.07451799839493575
3570860.69799312 21404630.355710074 0.1116709152079011
3570858.941537608 21404629.10214472 0.202203630868984
3570858.5576423286 21404631.604367044 1.4478667801907972
3570858.3359923568 21404628.844330974 -0.11741402352547513
3570858.548878449 21404630.759877075 -1.20411015076796
3570858.867432574 21404631.05627625 0.14261752079239165
3570859.3179328335 21404631.796395324 0.7033745238675471
3570859.9406037657 21404629.716430146 1.6147900690153791
3570857.9712064676 21404630.97649815 0.2316670394662756
3570860.1984399483 21404631.319978423 -0.29917128656033004
3570858.9927721745 21404632.628149323 1.4430763022413022
3570859.068836737 21404631.48510214 2.2001399545416107
3570858.143598653 21404630.803472262 -0.2144613949070869
3570857.962522047 21404631.57556381 2.3817135253712856
3570859.4221122065 21404631.08461565 0.19555896411883433
3570859.812134451 21404631.285710514 -1.000030533576318
3570858.2975130994 21404629.203756902 -0.8132306233492318
3570859.3980110246 21404630.327703197 -1.3036730464655442
3570857.6387261967 21404628.07967815 -0.917693227446861
3570859.1028517056 21404631.873257354 1.5526936086497476
3570859.7575276364 21404629.538354993 -0.9108057890685726
3570858.2783807516 21404631.431054674 -0.3683295332019201
3570859.6258316766 21404627.712685227 0.3475774207290404
3570858.3525763005 21404629.170671582 0.7030685667937319
3570859.466096245 21404631.089703713 -0.6789782994355974
3570858.140027629 21404629.978244882 -0.8543653870374666
3570860.5163452085 21404629.15317443 0.8273214570286787
3570859.001922222 21404628.142573636 -0.07883988336494356
3570858.5958649125 21404631.765473858 -0.9335165125697762
3570858.6973061766 21404630.171357885 -0.5461127943861532
3570859.022856843 21404631.010822635 -0.20836406053442086
3570859.1638402347 21404631.024982758 -1.076172581990835
3570859.2186689847 21404630.978424843 1.232151933520617
3570859.522170555 21404627.91389217 -0.0664960773505824
3570858.117046761 21404629.96824218 1.0146328287966424
3570859.256710203 21404632.259531993 0.5618284404256852
3570860.970405671 21404631.817666322 -0.782824644095776
3570856.1353626726 21404630.396586806 -0.10283330297639202
3570860.2257019095 21404628.541905247 -0.815894290173291
3570856.7408407815 21404629.96647838 0.09564311146255555
3570858.0336159505 21404628.904941585 0.41084898552179994
3570858.0496936683 21404629.214195497 -0.9669647480346661
3570858.7209007144 21404631.898339756 -0.12588229653656668
3570857.6834570607 21404632.353339925 0.713522016641696
3570860.3444959642 21404628.88659948 1.0814141641584023
3570859.2848991416 21404633.026915412 -0.2379151227342167
3570858.5230341232 21404629.3337236 -0.17703954767974647
3570858.4084472214 21404628.834218066 -0.5049249743249679
3570856.949022252 21404630.99264077 -0.2500936400831182
3570857.177435804 21404631.913732383 0.5073697938602156
3570859.511712284 21404631.149401914 -1.3982825740084313
3570859.9806555063 21404631.97437675 0.20410777929772067
3570857.9089506716 21404629.25562738 -1.7202607446192038
3570860.0109478952 21404630.0878275 1.5022204536487584
3570859.014317495 21404630.966690537 -1.1139077651536256
3570858.623418036 21404630.08158508 -1.647589901684035
3570860.9370153253 21404630.332355082 0.604685238715657
3570858.7018342493 21404630.066659864 -0.8258949096380241
3570859.205336973 21404630.234494764 0.740929921121409
3570860.099395862 21404630.858650286 -1.149874058750801
3570857.870745024 21404629.38342713 0.022492860865263246
3570857.9930861583 21404630.609987937 -1.3760938913850733
3570860.541226064 21404631.178537536 0.05228966769428718
3570860.1207594844 21404629.55371379 1.0224477225342188
3570858.9184021214 21404631.34539838 -0.9986125973029383
3570857.7835503593 21404630.033466928 0.3257691686451641
3570858.427453787 21404632.169596154 -0.34770500758344863
3570857.4834622527 21404630.04159092 -0.04608358474718326
3570860.3612252055 21404632.439319834 0.8770516458546781
3570859.607820538 21404632.840710398 -0.019190832178930084
3570859.535553978 21404630.845362432 -2.0785451897359315