-20262485.157912012 9039251.054290509 -0.639236501490827
-20262487.64601524 9039252.010105656 0.2342619880177723
-20262487.99302252 9039250.413428497 1.0212245652583816
-20262486.212902393 9039250.819980493 -0.40839163685203284
-20262484.830626674 9039251.593291372 -0.40271583792977794
-20262486.577986628 9039251.87355453 -0.6862779789666521
-20262488.39472972 9039251.61979681 -1.4681995688377028
-20262485.36978914 9039250.457651969 -0.23269962687749607
-20262485.974820435 9039250.82417858 0.7038740479417115
-20262487.68508347 9039252.03074508 -1.2713500963377873
-20262486.66839942 9039250.98166156 2.0547230422306564
-20262484.68057895 9039250.058226429 0.5156965240936313
-20262486.35055424 9039250.476206165 1.0695564856914785
-20262485.993705057 9039249.658931686 -2.3284205191963703
-20262485.043827213 9039250.455847329 0.9965196803252062
-20262485.77322715 9039249.264310706 1.8112856762518788
-20262485.214274716 9039250.284587866 1.241510469427975
-20262488.15326095 9039251.517373187 0.14698305132995426
-20262484.556704573 9039250.097466474 1.253095771717486
-20262484.79180286 9039250.74704022 -0.07092779886441569
-20262488.16537582 9039251.205421824 -0.11853053783470993
-20262487.39867159 9039249.372102112 -0.6881576779825748
-20262485.60727846 9039250.553298516 -0.004911675875145877
-20262485.842383318 9039248.802315319 -1.5221421522678882
-20262485.869927183 9039249.37654172 -0.6872613905889886
-20262488.195523385 9039251.307737628 -0.2223631324116866
-20262486.54094149 9039250.143741187 0.33002365491827057
-20262487.28023167 9039250.36901961 -0.1590553624658976
-20262488.33372975 9039251.6481581 0.5796679942065983
-20262487.522447295 9039251.570319213 -0.273798813468129
-20262485.665959574 9039249.122762825 1.0327734185951405
-20262487.932280123 9039251.069770008 0.6616594391568473
-20262488.178204548 9039251.4371644 -1.2208996318110112
-20262486.22920808 9039251.119155172 -1.183910402340205
-20262487.014564052 9039248.574299524 -0.34800381156103277
-20262488.623065062 9039251.147172451 -0.1247769793495635
-20262487.68302075 9039248.616622888 1.4003063793257957
-20262484.39974049 9039250.374232123 0.7061389951554551
-20262486.16594024 9039249.469629172 -1.559662216933646
-20262488.290000223 9039250.099412736 0.19752821065182682
-20262487.855644792 9039251.248625915 -0.7960874669120491
-20262485.55710218 9039249.395166403 -0.17621956595338983
-20262484.933131028 9039250.464165045 1.7881428464030777
-20262484.59322973 9039250.7084567 -0.7941523960189864
-20262486.301699698 9039250.985794319 -0.7777483041992174
-20262487.574330036 9039251.275564859 0.009325753300255958
-20262484.785286073 9039251.421718486 0.3443639959373891
-20262486.701369297 9039249.238677058 0.924507151932245
-20262486.634245522 9039250.242154771 -0.9649339009557533
-20262486.849178165 9039252.28049971 -0.5897260244012255
-20262489.26215888 9039250.453890301 -0.14553555198166476
-20262485.47364945 9039250.242833046 1.6132656746997984
-20262484.91027056 9039248.310217245 0.2500741601892955
-20262485.955563854 9039250.79742001 -0.48348416889725504
-20262489.280565996 9039252.178058637 -1.014371700009622
-20262486.25855073 9039249.390536781 0.34686598094693405
-20262485.780130666 9039248.8366643 0.20968345209587466
-20262488.205373883 9039249.170876924 -0.09015563233350771
-20262483.90677813 9039249.802813303 -0.2569393191899524
-20262485.900605813 9039249.074734313 -0.8439627679407093
-20262487.485408645 9039249.461789751 1.2916697209679304
-20262487.124744885 9039251.890905857 0.6951764137706864
-20262486.428202353 9039248.783535736 1.4393676078000308
-20262487.550460488 9039250.45280573 0.23616252556690392
-20262487.941328123 9039249.433247743 -0.8519170160622809
-20262487.602013234 9039250.091041692 -0.4842526227361573
-20262484.6565299 9039250.29048044 -0.019196658548484607
-20262484.519935887 9039249.925205853 0.4194416419187247
-20262484.454190623 9039249.180745652 1.2372698843541905
-20262488.26776565 9039249.911955306 -0.8900235631261197
-20262486.734245855 9039251.36927188 -0.002453202717474282
-20262486.3893176 9039250.326448297 0.6890992492981778
-20262485.683675542 9039251.946127186 1.946857825975452
-20262486.804773092 9039249.301947027 1.4841118826685842
-20262487.176011585 9039250.892073626 0.8471696864474747
-20262486.615268704 9039250.139643863 -1.0104127275897157
-20262486.58972658 9039250.852400318 1.3665312790054631
-20262487.791886024 9039251.215396302 -0.4243338279935646
-20262484.294237662 9039248.828368632 1.0791766064480222
-20262485.609569162 9039249.977929965 -1.3207320210293703
-20262485.10704349 9039250.238669379 -1.4804015427901136