-15678770.920316488 -16666024.512136562 -0.04427636670346889
-15678769.85112694 -16666022.612339983 -0.1619553702858188
-15678770.419087091 -16666024.116929904 0.6981967570272529
-15678770.306691969 -16666024.519643672 -0.7615965703515196
-15678769.039630897 -16666022.54699495 -1.0296253134436502
-15678770.294520302 -16666025.674383353 0.006703746117779921
-15678770.808199871 -16666024.680175256 0.6972723845575077
-15678769.107163666 -16666023.607541228 -1.0708408885665748
-15678768.779589621 -16666025.315558966 0.9253425807647286
-15678768.177260859 -16666023.307731831 -0.3866644723608367
-15678770.530151037 -16666024.398836143 0.7280204870107305
-15678769.446323924 -16666024.310842719 0.321792052392044
-15678770.32922493 -16666024.89041651 0.7917594898562571
-15678769.95658342 -16666021.91014801 -0.4508099962885028
-15678769.815205315 -16666026.28118183 -0.5981485910521102
-15678770.093089892 -16666022.04689043 -0.6098174085480094
-15678770.072896732 -16666023.284754977 1.6885439250086554
-15678770.14509116 -16666022.63898867 1.0529262831334798
-15678768.84388812 -16666024.376012981 0.3803491341536914
-15678767.868071076 -16666023.041935142 -0.28550015202893037
-15678767.761135597 -16666022.958913846 1.0196589847167545
-15678767.655105546 -16666024.884177262 -0.5273724265110229
-15678769.727493348 -16666022.505837042 -1.3271996128088726
-15678770.722293997 -16666024.033458194 0.6695194553858547
-15678770.341047803 -16666025.157582868 -1.3757029152886837
-15678768.779962 -16666022.857248336 1.4267380580820193
-15678768.353074225 -16666024.84416874 0.49702011768641263
-15678768.149432981 -16666023.717999423 -1.131141384174944
-15678769.968903592 -16666024.096036723 0.7110545814009726
-15678768.392558137 -16666022.29115994 0.7224776166652509
-15678769.622606562 -16666024.657862062 1.1173667174513886
-15678767.817458972 -16666021.926464189 1.1089970755198693
-15678770.356384767 -16666022.587298442 0.9774695751406037
-15678766.86644569 -16666023.163964912 1.1191190087677345
-15678766.887982108 -16666023.1255574 -1.4009075121907162
-15678766.873679375 -16666023.00617509 0.013237037202534965
-15678768.085033624 -16666025.402581109 0.298739983730007
-15678769.118116558 -16666021.394043729 -1.0696443486554135
-15678767.936818277 -16666024.78767421 -0.210387503755937
-15678768.918731617 -16666023.549338015 0.49438055185371726
-15678769.391198846 -16666023.173431644 -1.1864675111820393
-15678767.923241308 -16666025.03634001 0.4613074393461141
-15678765.75655829 -16666023.53327924 0.09573715478912324
-15678769.699219104 -16666025.77688201 -1.2115975236291754
-15678767.750408297 -16666024.25793849 -0.7455302146904176
-15678768.072042262 -16666023.264270239 1.6068450713522533
-15678768.797343867 -16666023.885047654 -1.212340635611577
-15678770.016740177 -16666024.181205168 0.20531690232544908
-15678770.58694403 -16666022.970574837 -0.5065692919945143
-15678768.237135328 -16666024.69760362 -0.23460938912534274
-15678769.570370443 -16666024.549674623 -0.25325178043675406
-15678770.546182554 -16666024.530974584 1.817307598317651
-15678769.213928929 -16666024.945099045 -0.007795612187889683
-15678768.846638959 -16666023.388401026 -1.2009687028634222
-15678767.906394344 -16666024.472423438 -0.711969982090877
-15678769.558004623 -16666023.414523844 1.2595865390205612
-15678769.104934767 -16666024.031293781 -0.04716717627406156
-15678767.294142704 -16666022.122230733 0.06845752014668399
-15678767.6974806 -16666022.965150796 -0.09044676487331377
-15678768.24389505 -16666024.495305806 0.4415397916425723
-15678768.706610536 -16666023.88574625 -1.290573874133509
-15678769.236687874 -16666024.333696086 -1.7663130986596338
-15678771.200989487 -16666021.95711401 -0.8256350750925492
-15678768.526804391 -16666024.669470454 -0.7875793765574605
-15678769.158820353 -16666022.81447977 1.5412159277556932
-15678769.037712526 -16666024.543578012 1.2269762478334396
-15678769.266422145 -16666023.655289793 2.3079436890227343
-15678767.110024856 -16666024.189582452 -0.18785886619779898
-15678768.124569671 -16666023.467849307 2.0633667364587613
-15678767.32730703 -16666025.106969764 -1.2141323811720524
-15678768.456910942 -16666021.653586859 -0.33641292980619003
-15678769.633045519 -16666023.107671747 1.0919697090539764
-15678770.198692316 -16666024.246415166 0.11962668409699025
-15678770.823610589 -16666023.770763543 -1.4388062816487202
-15678768.723036908 -16666023.119341414 0.536649919159548
-15678769.533608919 -16666025.361379081 -0.9167716778270998
-15678770.210545095 -16666023.905392159 -0.7710735424684341
-15678769.74673224 -16666024.297061104 -1.5412045806671615
-15678766.543833597 -16666023.10466687 0.16492208827193786
-15678768.408818988 -16666023.013734154 1.9561984365904295
-15678768.357658837 -16666024.079367222 0.46943956251295366