9744684.70837772 -20622527.0271712 0.04680094501423117
9744686.702080272 -20622529.192110077 -0.17879258086405353
9744685.27414401 -20622528.960559692 -0.5626931373527587
9744686.585826924 -20622528.66670239 1.7234783744253943
9744687.606433066 -20622527.81788591 -0.21520992226002203
9744686.225384928 -20622528.07530537 -1.468317398837542
9744687.539187644 -20622529.995432988 -1.2187812722921663
9744686.368670486 -20622529.62527224 0.09399846963737357
9744684.896833895 -20622527.986201823 -0.8101218505549858
9744684.356116582 -20622530.41742045 0.3058584324098626
9744686.387638234 -20622530.725284982 0.24544152993339963
9744684.902532345 -20622527.80211662 -0.10579724104368399
9744685.759691542 -20622528.170386568 -0.015705901910615633
9744683.958804652 -20622529.157847345 1.129115628876244
9744684.806996591 -20622531.839860324 0.7871711637697374
9744685.610328892 -20622529.600724008 -1.1495532318166874
9744686.281651162 -20622529.644052196 -0.4407222789801663
9744684.717872763 -20622530.139081527 0.16970929264134615
9744686.495514585 -20622530.36187273 0.57012455292873
9744687.146332335 -20622528.578496866 0.5530294457352327
9744684.712847311 -20622528.245836355 -0.8568641778302933
9744684.382331997 -20622528.07801175 0.1084402234127649
9744684.928873789 -20622528.620927326 -1.4230683696272663
9744685.698192723 -20622527.07053759 -0.29567176432569475
9744686.320127724 -20622529.115692027 -1.7203474022140146
9744684.914854411 -20622527.087438695 -0.9577789007770448
9744684.23114681 -20622529.59800399 -0.3762856100226081
9744684.980895208 -20622530.623139456 -1.6892489995004847
9744684.746118307 -20622528.728657722 0.7617973632931627
9744684.948714297 -20622530.113137204 -1.6179631948628517
9744686.896064892 -20622529.55844393 -0.2654799513057222
9744685.508472893 -20622529.512917656 -0.24896753506772462
9744686.722823521 -20622528.716509018 -0.9938676710880296
9744684.41590518 -20622526.588146202 -0.1056775480082361
9744687.078888932 -20622530.584006328 0.8306498881486191
9744687.945067711 -20622529.164985675 0.01283406846285444
9744686.743043948 -20622529.386663716 -2.335815502820498
9744684.935847893 -20622530.523340642 2.0484191862214107
9744685.443674143 -20622527.844979934 0.04203364681177302
9744686.651327766 -20622527.47608127 -0.4786352346057541
9744685.3705681 -20622528.87329132 -0.8654151661310515
9744684.351987962 -20622529.525965232 0.271413484836161
9744687.649088548 -20622529.418987926 1.4597822911654272
9744685.237539086 -20622531.055926222 -0.18153542648859855
9744686.471473716 -20622529.668352734 -1.0417326001119755
9744684.312509514 -20622531.084571462 1.2420828698420512
9744683.519579459 -20622529.94473402 1.4021338788047024
9744686.949687954 -20622528.38398295 -0.48447798490001387
9744687.234230746 -20622529.360825296 -0.03474210444131222
9744687.904958239 -20622530.22019264 -0.34114655525075915
9744687.702715479 -20622530.198363572 0.0747629504431921
9744686.511356395 -20622529.194078043 0.5067461154808305
9744686.501390526 -20622530.365817815 0.3540733486281301
9744686.700116074 -20622531.100220744 -0.3971859284788427
9744685.612143148 -20622530.96660725 0.15687285757277228
9744686.15221863 -20622529.330207806 -0.24768131195818305
9744685.132076722 -20622528.38698345 0.24267163403689118
9744685.684484964 -20622527.318156138 -0.31125026539690615
9744684.513139231 -20622529.634922702 0.2102120679473896
9744685.164210306 -20622527.820536524 0.2112836922344245
9744686.565593919 -20622530.554225564 -0.5789979633356495
9744685.37779708 -20622529.415095497 0.2484873710406595
9744685.240966816 -20622526.57038867 0.014796450462855257
9744684.792131597 -20622529.264397018 0.9841164729156738
9744685.401321754 -20622528.95712245 0.8454608898246172
9744686.543497121 -20622527.376404066 -1.262611574589842
9744683.999005366 -20622529.690348845 -0.21629008350175022
9744684.657236744 -20622528.10799716 -1.1310499244066627
9744685.725631949 -20622530.308430415 -1.9643396193856901
9744683.122163702 -20622527.775466274 0.558468000385751
9744688.004974952 -20622529.928639017 -0.19200696921742946
9744684.491190424 -20622527.937487155 1.0625705984855631
9744687.13622071 -20622528.488325447 0.563010045694
9744684.79090124 -20622529.527205672 1.0840717543895466
9744685.930363476 -20622531.292081602 -0.01954043630998543
9744685.27847112 -20622529.94993801 0.8390342371605732
9744685.553014409 -20622528.488427367 1.5204119663064912
9744687.42460641 -20622530.483779564 -0.024643321342583693
9744684.598326102 -20622527.383570157 1.019779301592752
9744686.297237622 -20622527.87519042 2.025045439751511
9744686.245796906 -20622530.867915686 0.029635389888626507