4380872.926780089 21260218.24274887 -0.9229811660112717
4380872.826933573 21260218.637453716 0.8236361395875568
4380875.219691008 21260219.39421705 -0.8551372116737046
4380873.978230433 21260218.377631936 -0.6068006430044602
4380876.106229559 21260218.969570626 -0.5664343217242748
4380873.493422307 21260219.922233418 -0.3384528289215454
4380874.362920801 21260217.71697614 -1.8588123346076513
4380876.307430011 21260220.56603512 0.0402219144782623
4380872.9063265165 21260216.971285366 0.5360292610411794
4380874.352321628 21260217.950683314 -1.0286816931242257
4380873.945023984 21260220.34737197 -0.0744810537314458
4380875.556593532 21260219.097527377 -1.3217589048073326
4380874.249652065 21260217.94993884 0.8744626507091383
4380874.869543953 21260219.503116876 0.09062706089313086
4380875.303239552 21260220.46756404 0.7695585303554767
4380871.210000548 21260217.538449213 0.12019836600692793
4380874.608166492 21260220.243090834 -0.3643294340309869
4380875.411372924 21260217.62719789 -1.3034086588394873
4380875.425765674 21260220.117648322 0.28204707060433293
4380873.8156582685 21260219.2701701 0.8781338245745637
4380875.663952676 21260220.10200162 0.6080398753487002
4380874.817506159 21260217.30213078 -0.6407457297606357
4380875.236294928 21260219.61403618 -0.6185329658359229
4380874.417458768 21260220.219626736 -0.237150949408083
4380872.752292944 21260217.408423565 0.7955718579586568
4380875.21031296 21260217.02804631 -0.22541442406671844
4380873.509256876 21260217.37641453 1.334942604778076
4380874.968468212 21260220.92224637 0.2511485563257099
4380875.232244684 21260218.120720334 -0.2892599616199905
4380873.168785142 21260218.528435815 -0.011060196557682818
4380875.43953403 21260217.839668706 0.9694640568651693
4380874.05602262 21260217.928815078 -0.8061657876499455
4380873.758517132 21260219.1108047 0.8421963568237464
4380873.269772174 21260218.47056532 2.022811995786796
4380874.194715782 21260218.74442746 0.27371202198521394
4380872.422353778 21260218.964921672 -0.27700309124169953
4380873.338923505 21260220.788504314 2.0217591514747597
4380873.88512925 21260218.899131592 0.4610685665547639
4380872.968143757 21260219.566661242 0.034865691432966514
4380873.036675699 21260219.328415968 -0.2585060928605249
4380874.6164700715 21260218.46729368 1.8466232968334184
4380875.996149048 21260220.258007042 -0.23850626002527214
4380874.656155277 21260218.465664793 0.04047866864132739
4380875.147560988 21260219.613617823 -0.04513035956303671
4380874.847258557 21260221.57061953 -0.017519298940136457
4380874.198077002 21260216.80703994 -1.0227618500380473
4380876.138044812 21260219.66749974 -0.14205021541798973
4380873.4586872365 21260217.55562287 0.2211259926890146
4380874.52537635 21260216.986114617 -1.834497640278825
4380875.052045594 21260220.591314163 0.45767092549680877
4380875.083430795 21260217.448606152 0.9060403969575114
4380874.200897815 21260219.17317274 -0.08822144725211915
4380872.484486874 21260218.61104797 -0.06095606272276033
4380874.32816052 21260218.34052384 -1.6565028401132689
4380873.632214629 21260218.711469285 0.2012652258727416
4380873.170703013 21260217.71973231 0.12151113763478813
4380873.1852131495 21260216.87567279 -1.5092777956132926
4380873.788416617 21260217.790685117 0.6195604941166152
4380873.386647739 21260220.87475598 1.042716217621474
4380873.945633675 21260218.340447754 1.1041372299432552
4380875.736382132 21260217.12433184 -0.6401357603996592
4380874.314267228 21260217.66154662 -0.7722740835643062
4380873.737826935 21260217.94661594 -1.1748326679117498
4380875.455281506 21260219.728861496 -0.7598872441534326
4380874.802496886 21260216.761055447 -0.88268762894031
4380874.1998981815 21260219.45011898 0.5256367820059304
4380875.057914407 21260219.882945836 0.44636060489602175
4380873.253113328 21260220.17198667 -0.31942214843165695
4380872.927626755 21260219.766553663 0.9475386267197622
4380874.3709392045 21260219.54079402 0.9183747604158162
4380876.229410825 21260218.342478104 0.025430935737826996
4380875.492775478 21260218.258994266 -0.20441558253255981
4380874.584625447 21260217.96060784 1.0732647447513908
4380873.659443862 21260218.761786815 0.07513396046595938
4380874.139036294 21260217.90761959 -0.4153712671442771
4380874.375597573 21260220.30863081 -1.021809621290067
4380874.31165636 21260218.65111604 0.45267186083582917
4380874.910699447 21260216.963895675 -1.1898165236228402
4380875.49104417 21260218.78057331 -0.5860414562985639
4380874.06488697 21260217.55419093 0.27973703310433384
4380874.969776224 21260219.188460432 0.7409482589912072