21910570.630907007 2616374.0701421937 0.4574283042000631
21910571.06982111 2616375.0036393 0.5203696535924198
21910570.122851398 2616374.345686064 0.6543112641399357
21910573.72023841 2616374.93442987 -1.3047911951925384
21910573.425412312 2616372.86887288 -0.050505143788946105
21910571.962432925 2616372.929390206 -0.213533096220914
21910570.850633826 2616375.0725307 0.6227147874447091
21910573.41993485 2616373.849023264 0.42257704767454746
21910571.87247067 2616374.1992245526 -0.584684400642943
21910572.560098372 2616375.4895225354 0.10964181223121844
21910574.62724851 2616374.2603661884 -0.06410049206107371
21910570.881887224 2616373.913576386 0.6020873316007226
21910572.300712835 2616374.3454407966 -0.6582862849805089
21910570.78516844 2616374.8137089824 0.23153340254270777
21910574.377425242 2616375.859871656 0.5610801560226167
21910573.916386463 2616374.787663335 -0.4809336300812751
21910572.098741867 2616376.171768076 -0.6679276535116313
21910570.695621934 2616373.5714284377 1.0895470240681637
21910571.323548798 2616373.805717702 -0.1258685712388276
21910570.98761434 2616374.791695061 -1.0290809079683998
21910571.258839656 2616375.5477023986 1.0117476246185009
21910571.739991847 2616376.5458257627 0.3599452591846486
21910571.68510118 2616375.867534674 -0.8753256869578988
21910571.028773706 2616373.802467115 0.10609511234106557
21910573.45957051 2616376.2223764947 -0.9262897062606402
21910570.160338227 2616373.490794895 -1.076598491851889
21910572.61170992 2616374.4795227186 1.1333471387716727
21910570.984356068 2616375.210305891 0.1890101887530128
21910571.39132585 2616374.9739174377 0.1558287814556222
21910572.18606151 2616375.2711211992 -1.7297079819456342
21910571.843045738 2616375.7843641983 0.29897257405692645
21910573.601007894 2616376.1150763016 -1.750882001556984
21910570.031999297 2616373.5686201015 1.2942068879320274
21910572.33959007 2616377.332899656 -0.9454957211979997
21910573.360869613 2616373.4831532007 1.0151165074520603
21910572.79537423 2616374.761811273 0.865786652832065
21910573.48502263 2616375.217668469 -1.906658412026624
21910572.621651705 2616376.3676510723 0.41996191541941374
21910571.53551002 2616373.9868485034 -1.5704399609180746
21910573.524863917 2616374.2060986357 -0.1867606186010476
21910573.05508548 2616375.6881365636 -0.16245670172982865
21910572.354569905 2616374.9371205764 1.0754276856190412
21910570.93371055 2616375.908323859 0.7533749368322518
21910574.380214885 2616375.8638405083 -0.2555064285907134
21910572.97026613 2616376.2276761364 0.48147838864163117
21910570.709146284 2616377.096866538 -0.04035713660734439
21910571.95436891 2616376.2937845793 1.9949997681050469
21910573.51727867 2616374.451433071 -0.3199346910586697
21910572.635047756 2616374.007707079 0.3955278426285416
21910570.996979773 2616375.5766485496 -0.4509489131410741
21910570.878768288 2616373.9858165816 -1.2381535891175246
21910572.87258636 2616375.5767402523 -0.7220097619195347
21910574.38063929 2616375.2374519263 1.5043046898925065
21910573.725812413 2616375.903307004 -0.42832784143265956
21910570.907220602 2616376.073316019 -0.114704913852402
21910571.98128843 2616373.1933911564 -0.33347165631996
21910573.37742017 2616374.62020826 0.5812016453314269
21910574.19011947 2616375.5077487566 -0.42420972887175834
21910573.9945929 2616376.0051750066 0.5150470279902052
21910572.326797392 2616374.3888042793 -1.0004120133673822
21910575.22336519 2616374.0265807277 0.01637494941595541
21910572.71621274 2616373.812271086 -0.5977360604773929
21910572.693210356 2616373.7517628334 -0.8049192494508394
21910570.070026547 2616375.6547579737 -0.8441633366244427
21910572.68738387 2616374.2406629454 0.7971227115656117
21910570.94275623 2616376.016243417 1.2643062175286206
21910572.962776393 2616375.5879763095 1.117335179855244
21910573.621539887 2616376.7141404627 0.6738064315222374
21910573.055073865 2616375.8713587765 0.9043662171998867
21910570.800283927 2616375.981832642 0.9705811252245605
21910573.16784961 2616376.221185264 0.4321889152608317
21910570.843193423 2616375.9225415 -1.714129092737466
21910570.938239846 2616375.1905882964 -0.4087825573515386
21910572.39509683 2616372.8444791865 1.181485321003858
21910572.24006046 2616376.680372023 -1.7449601202505516
21910573.402780373 2616373.530362645 -1.1720492769408353
21910574.046852432 2616374.918793302 0.12570870540954793
21910570.6855605 2616374.835886615 0.3213396152013194
21910573.960670214 2616375.2782895174 -0.4215250090398881
21910573.273305148 2616375.109117779 -1.872072045391756
21910572.800562836 2616376.194934302 -1.5627187707788879