2759107.9839224713 21535179.225021265 0.26222349041318227
2759109.2790544517 21535177.87731527 -0.009299324606506204
2759108.0135905133 21535179.089133345 0.4859067558454782
2759110.812798615 21535180.40390445 -2.2512157515370372
2759109.9357752185 21535180.28903317 1.4363665263923526
2759109.869460475 21535179.127474483 -0.7966840033466311
2759109.391309637 21535177.68137874 0.1384911253613985
2759110.567854431 21535177.31645218 0.8461076431427644
2759110.490542759 21535179.75684318 -0.9000419761273224
2759110.20044543 21535178.659840137 0.03483026364123509
2759110.0071102995 21535181.452071927 -0.3616328786131425
2759109.992414806 21535181.294069007 -1.0513692134782544
2759110.347249616 21535178.871269103 -0.08701087412642791
2759108.9279883225 21535179.138078783 0.1106981375395657
2759108.5255894456 21535179.21918403 -0.47491827117809965
2759109.519777798 21535181.56350655 1.0455737579789621
2759109.039717274 21535178.913137708 -0.6751958965778093
2759110.449847228 21535179.881146703 0.9119998393613448
2759108.7920933403 21535178.749589384 0.8542817515117455
2759108.288570889 21535178.015546005 -1.5699850271765796
2759109.615057311 21535178.658681434 -1.0558697899329925
2759110.2494680006 21535180.03907582 -0.2329197932872813
2759109.943058221 21535180.93724062 0.0382119604195096
2759109.6046283357 21535180.7579638 -0.8104845482112712
2759109.739601601 21535178.503212556 0.058549385574826376
2759110.312242581 21535181.095028 0.7345583033451908
2759109.536232503 21535181.406459294 0.3950141472788552
2759109.765191257 21535178.684159465 1.0651198145211218
2759108.5489633223 21535179.4320689 0.7456388964988584
2759110.4002829995 21535179.52759117 -0.18569694020668187
2759110.9531330615 21535179.143641356 0.41652139885587325
2759109.0668823533 21535180.321828697 2.263850747083745
2759110.3993345797 21535181.18981868 -0.4979468435344866
2759107.5737922713 21535180.122579437 -0.12828134688215298
2759110.479120217 21535180.66179881 0.9031348674758394
2759108.6563639315 21535180.65374785 -1.0953884567805363
2759111.527943503 21535182.886754524 -0.9630642375698799
2759109.0052157696 21535180.182634007 0.5833699454624711
2759108.5656548925 21535179.033033904 1.1627155062202328
2759110.1547417864 21535179.149466984 1.0270955875150465
2759109.206728255 21535178.239695407 0.026417553193945564
2759111.101733708 21535177.28318864 0.13160463021694274
2759109.561843171 21535179.261720005 -0.5335623943393171
2759110.0035624597 21535178.787728198 0.9005627265096774
2759109.753406491 21535177.962997086 -0.059251324765173585
2759110.904046136 21535181.253059484 -1.3376369754056152
2759109.4717365615 21535178.783973254 -0.8577802326107062
2759110.340256119 21535179.712468788 0.2952888340226514
2759109.039568225 21535179.13500167 1.6087422984249098
2759111.765288995 21535180.819538474 1.4638007058875673
2759110.0704731997 21535181.086412344 1.4742329139134345
2759110.5773260687 21535180.002531923 1.0284691905269625
2759110.537852386 21535179.170662265 -0.576450615928252
2759109.7751078145 21535178.71299329 -0.21895370108197265
2759109.4223449626 21535178.333106104 -0.6998510615430711
2759110.42711905 21535176.98591864 0.06726748094425805
2759108.8835579697 21535176.957428552 -0.7854864583773381
2759110.8157963147 21535180.224479116 -0.9736229678066228
2759108.8021037197 21535177.47564415 -0.2148461141209992
2759110.680254399 21535177.118432995 1.2662060932436214
2759110.6021753363 21535180.412340585 -0.05048400068653362
2759111.3224560358 21535181.10018492 -0.38388386997011203
2759110.73816041 21535179.609738003 -0.015122362563899192
2759109.08938055 21535178.237176176 0.7328667120609637
2759109.624078249 21535180.435649104 1.072015506044795
2759110.3759144684 21535179.326395385 -2.3410724012402526
2759109.7911055535 21535177.153959047 0.6271214851702666
2759109.6128415633 21535180.625938706 -0.12710254910391525
2759110.7463366147 21535180.458539654 0.7206933772209737
2759111.42656588 21535180.820728287 -0.679157351513669
2759110.8272587354 21535178.04833268 0.7891629766725388
2759110.8614941915 21535178.822659824 0.4447349450925548
2759111.597262704 21535181.38047233 0.14810424911197057
2759111.1485023503 21535179.039169673 0.9408375206585377
2759110.640661617 21535180.972002245 -2.1336403812592466
2759110.0669394424 21535178.63758333 0.03129497384329251
2759112.0791057427 21535179.97268097 -0.7841573975139947
2759107.913465851 21535178.696501855 -1.0610347521735612
2759108.4042332307 21535178.603184726 -1.3822680555380682
2759109.2659445936 21535179.09406224 -1.4262605657452052
2759111.6888563875 21535178.40337837 -0.20046379982714552