-20616386.975790866 8468958.571962845 -0.8746362117355475
-20616385.57806862 8468957.2680131 1.1461506176066805
-20616388.54992683 8468957.425742326 0.3687950868030617
-20616385.559419837 8468956.840043424 -0.5778808274748832
-20616384.94926729 8468958.428455837 0.18243302960052854
-20616387.57088987 8468955.296264485 0.849348216445486
-20616386.105433214 8468958.602062251 0.10572748501449371
-20616387.24136978 8468956.081558174 1.4739788464724477
-20616384.84495545 8468955.777672734 1.1793954417302759
-20616387.36973621 8468956.380611688 -0.287502749804962
-20616388.21380836 8468956.95518522 -1.23669402402564
-20616385.37433043 8468956.529094502 1.9384952451097721
-20616387.27708153 8468955.401078608 0.6856721055452244
-20616384.421699192 8468957.137293153 0.8099756019482239
-20616385.10238669 8468957.72835699 1.0251897607599767
-20616386.47081383 8468956.12257204 -1.551338323624412
-20616387.521652132 8468956.367761701 1.6032616543416793
-20616387.33314274 8468956.156597313 -0.9872154693210939
-20616385.551762253 8468956.663933817 -0.13040512605173518
-20616387.360547174 8468957.530179124 -0.7037173860667207
-20616387.874787264 8468958.049807653 -0.5163327189047178
-20616386.671701074 8468958.590971038 0.19817798910200762
-20616385.70067718 8468955.970230557 -0.24319249474382285
-20616387.35344893 8468956.218313932 -0.23888195271288148
-20616386.107246038 8468956.766470257 0.9498723666263112
-20616387.64097069 8468956.556449333 -1.1140304303859034
-20616385.686235502 8468957.52225411 -0.831586234169905
-20616388.362073608 8468957.0551482 1.1108494155794972
-20616389.294713013 8468956.984962901 -1.0340799897197113
-20616386.05651719 8468955.902528457 2.5419717301684157
-20616386.178097915 8468956.736517416 -1.0925512448334316
-20616385.144502208 8468957.103804529 -0.5073026243273768
-20616385.643988203 8468956.680538382 0.14688860916359392
-20616387.6668115 8468955.642744001 0.880024349245135
-20616386.629584763 8468955.430732429 0.4822470179714797
-20616386.62336195 8468958.475357633 1.4990644885233249
-20616384.70761116 8468956.340636246 -0.5319705821787843
-20616387.952383254 8468958.490952274 -0.08266445719650103
-20616385.871955488 8468958.699544098 -0.1424857409445725
-20616383.643920396 8468955.63662449 -0.7147411066226206
-20616385.21455592 8468958.123087674 0.6259034350470748
-20616385.942466103 8468957.999526303 0.6192214673816099
-20616387.291160196 8468957.695257165 -0.13821623900980992
-20616387.9671408 8468956.270804387 -1.9451938472702839
-20616388.755565982 8468956.940664874 -0.3385516863859788
-20616386.041648444 8468958.648571728 0.4818606723659458
-20616388.488362867 8468957.098815698 1.254440004095576
-20616386.90912918 8468956.659403903 -1.293437906458707
-20616387.229516592 8468958.401181413 -1.3047838948726298
-20616386.864210997 8468957.652461704 1.275403216368106
-20616385.52038951 8468957.099933224 1.1886448137641046
-20616386.461992204 8468957.093184214 0.9699633641151869
-20616387.836819034 8468956.573806321 -0.72778751345491
-20616387.026661072 8468958.895777276 -1.021805623814449
-20616387.70409355 8468956.857572336 -0.04471971345179501
-20616389.444423266 8468958.099210095 0.6928099217893864
-20616387.319746826 8468958.799131362 0.4533604833047787
-20616387.68298355 8468958.783458985 0.16678702061797862
-20616384.970197663 8468956.412357675 -0.7166872355721273
-20616387.266619634 8468958.847656833 0.030008818028553805
-20616387.02304727 8468958.043135615 -0.8804497299325905
-20616389.224442136 8468957.078500584 -0.559514316861459
-20616386.713844914 8468957.736064782 1.1052591217876875
-20616386.14340189 8468957.580587313 -1.1095905205983814
-20616387.282810003 8468957.676265161 -0.017028795637262402
-20616385.797530696 8468957.455745343 1.286156728081474
-20616384.8010668 8468955.728666605 0.9566530096272399
-20616388.52086549 8468956.811613014 0.754104206699697
-20616386.714764383 8468957.601042937 1.1953528786033731
-20616387.048135493 8468957.467430115 -0.9780626843076914
-20616384.522462428 8468955.635503704 -1.6266893052401312
-20616388.456112403 8468958.485801343 -0.04316389976207449
-20616384.494508147 8468956.505221212 0.4463948959866474
-20616386.049415644 8468958.103866728 -0.15088071803009415
-20616385.27122687 8468956.519620566 -0.8483864620306997
-20616388.536515065 8468958.643651264 -0.3558467073678774
-20616388.519621797 8468957.112652846 0.29506458554577336
-20616386.937036656 8468955.017725011 -0.7851587708584605
-20616385.696291257 8468958.11858754 -0.37454255174998385
-20616387.214940187 8468959.794094127 0.5413718886044012
-20616388.77876288 8468956.774871867 0.3694963920591578