-15361715.603316547 -17016964.00286067 0.6559216815148629
-15361715.524476083 -17016964.652084798 0.9541572549736876
-15361713.221132075 -17016961.903198957 0.013712525664336589
-15361714.880904704 -17016961.76395537 -0.5358921158737282
-15361712.826199612 -17016965.924766038 -0.1355293170150247
-15361716.487746628 -17016965.330116287 -0.1664822331007481
-15361712.02752856 -17016964.82739831 0.8341356753829546
-15361713.832814697 -17016964.35103456 1.855888300887046
-15361714.637310555 -17016964.622611642 1.0928039175585298
-15361712.85449614 -17016962.382518902 1.1727507077376347
-15361713.474217623 -17016965.4693124 -2.9321247877779664
-15361714.37258502 -17016964.058644198 1.0764519237097718
-15361715.753039049 -17016964.092990324 0.6730282284541081
-15361715.55098105 -17016965.767480075 -0.7892526933165825
-15361714.35677952 -17016964.457243085 -0.17113688244729153
-15361712.518402182 -17016962.482700966 1.897796808677194
-15361713.965127235 -17016965.634033296 0.9021449152817802
-15361713.650528 -17016963.889234856 0.710918125212939
-15361711.384275291 -17016963.799985964 1.000093503334742
-15361713.627562903 -17016964.43378182 -1.21971347948669
-15361713.310211018 -17016964.414147966 -2.033574875326417
-15361712.638721678 -17016963.247876287 -1.6937221480499853
-15361714.553799454 -17016965.32682813 1.5705317228410023
-15361713.877181938 -17016963.68877805 0.2448014420423968
-15361714.727267811 -17016963.26779475 0.3388324547918492
-15361714.173205415 -17016963.415805455 0.6104931312021213
-15361713.50963178 -17016966.176443547 -0.6112534908216911
-15361713.937610572 -17016962.507859718 1.2163254380399553
-15361712.289013235 -17016963.450179912 0.45431479968236443
-15361714.557211602 -17016965.30328994 -1.4870871831485177
-15361713.517758662 -17016963.579110716 -0.45970174591932367
-15361712.5098073 -17016962.246441152 -0.45597441800451366
-15361714.067866763 -17016963.890618604 -0.35355700146857993
-15361713.41191547 -17016961.298507523 -0.9799454832666792
-15361712.298166629 -17016962.878957726 -0.009539385594227626
-15361716.147808604 -17016965.2811736 -0.677920924316309
-15361712.61399792 -17016962.54026532 -0.31771454608892497
-15361714.975763837 -17016963.749005362 -0.7105325150604395
-15361713.199816566 -17016965.138296835 0.6264090810405453
-15361715.78356477 -17016964.026452743 -1.5837178222314479
-15361714.562985288 -17016961.701176498 -0.4166670132509885
-15361713.026237082 -17016964.607572697 2.442979352119106
-15361715.761925424 -17016964.535342846 1.3259034510548442
-15361713.031506399 -17016963.775424577 1.6576070020184321
-15361713.887997221 -17016961.750740383 -0.4161383361626012
-15361716.122082993 -17016964.309159745 -0.5967851258829057
-15361714.591345899 -17016964.815260023 1.2356188483280874
-15361713.05020715 -17016964.98719404 -1.9204443599741883
-15361714.638329448 -17016963.72624872 -1.0144885801887025
-15361713.257863259 -17016962.991013672 1.8714732807891556
-15361713.928333981 -17016964.711685576 -0.42335393473456256
-15361712.27262763 -17016963.021506652 0.7418562283290677
-15361711.922778796 -17016963.926992424 0.5582098615284296
-15361715.653736634 -17016962.484032996 -0.9517851777565373
-15361714.967216825 -17016965.10669817 1.5196808076705215
-15361715.1380431 -17016965.77834585 -1.4950398412478456
-15361711.675194578 -17016963.801338978 0.5563976833002959
-15361712.726902155 -17016963.78591378 0.6470148491943085
-15361712.491463345 -17016965.065290067 -1.2380331906228916
-15361714.330425233 -17016965.925218973 -1.5758133781099166
-15361712.994961688 -17016962.741281115 -0.6291621373202193
-15361714.249743696 -17016965.290752776 0.8381804701801202
-15361713.369038265 -17016961.325541984 0.3734750247799026
-15361711.972577216 -17016961.333778318 -0.23842623226825488
-15361713.31974489 -17016963.952219397 1.4833210901181095
-15361714.33832564 -17016961.654763073 -0.5711060565017231
-15361715.61328 -17016962.88631757 0.483403855610613
-15361711.907897007 -17016963.04801349 -0.27746621688760054
-15361711.639478255 -17016962.897826597 1.4143007544744195
-15361713.10919727 -17016963.284275465 0.9674499826983967
-15361714.277977893 -17016964.315983545 -1.5366583831517335
-15361712.631984454 -17016962.90451025 0.2897387927183662
-15361715.138457155 -17016964.87391055 -0.36923298899094126
-15361713.272145249 -17016965.559123218 0.3356527223274733
-15361713.190943234 -17016963.75001009 -0.603478173867594
-15361715.420653377 -17016964.387478538 -0.42381507079201963
-15361714.626525706 -17016963.47383903 -1.1444003151473903
-15361714.571374774 -17016964.40333697 0.9112377005612882
-15361712.806895588 -17016963.575823117 -0.01966367656298984
-15361714.52947426 -17016964.164997958 -2.150484074085243
-15361713.172801789 -17016964.593825236 1.675857660444406