10170360.864932591 -20335778.16223861 1.5809279278494417
10170358.644343166 -20335777.488383282 -1.5311108779816234
10170358.249901064 -20335776.42402337 0.20330329297472097
10170356.203647478 -20335777.80862393 -0.44624799459781805
10170360.198613457 -20335780.15490515 -0.9025414484615085
10170359.187271459 -20335779.53591474 1.5414467466610873
10170357.487646949 -20335776.31725595 -0.8695258473203517
10170356.985092655 -20335776.71351058 0.1937452399324503
10170358.443558509 -20335776.768909328 1.0369163879291157
10170358.726567192 -20335779.17431134 -2.4577551845505705
10170357.33571165 -20335779.08842988 0.8634682827367989
10170358.817922674 -20335777.309816763 -0.16582022906340382
10170357.665524386 -20335779.68633121 1.3694210698200826
10170358.421197945 -20335780.140741017 -0.06231831245720888
10170358.867426269 -20335776.931237414 -0.5559155800557315
10170360.337482654 -20335776.88285331 -0.8669386155156004
10170357.705128312 -20335778.145769857 1.5750438269738023
10170356.985194623 -20335777.998913873 -0.784129884837946
10170358.831158545 -20335779.678658932 -0.31515319915765505
10170358.161612965 -20335778.943808287 -0.09293454974622223
10170355.965994826 -20335777.426946383 -1.745224678661004
10170360.553810924 -20335777.36771276 -1.1255491773475252
10170358.283740215 -20335779.32247026 0.3779141296876535
10170359.735029312 -20335778.314883843 -0.36038808951529006
10170359.852614295 -20335779.031639453 -0.12314314729503592
10170359.23058447 -20335778.8993656 -1.3876443714565305
10170358.516681716 -20335778.31466844 2.2530610824806234
10170358.286428617 -20335777.71604895 1.560999972410419
10170359.19867395 -20335776.652832095 -1.882382495075131
10170357.377195654 -20335777.09752707 -1.4255147452804953
10170357.304734174 -20335777.784405526 0.6219461339976666
10170359.351176586 -20335776.999046754 0.7363648110792764
10170356.88854713 -20335779.987820227 -0.684118929673089
10170359.09528287 -20335778.66293693 -1.205701865916795
10170358.949295051 -20335778.805936787 0.11564394665239201
10170358.588960934 -20335780.061767574 -1.4812600745182094
10170356.626794279 -20335775.59020767 0.3423911451699293
10170358.323941724 -20335779.343746718 0.8716849014637598
10170359.27926498 -20335777.57067334 0.8976593400072037
10170360.6808425 -20335777.463341698 -0.48972259443981625
10170357.701412678 -20335776.070461452 -1.7717877849149146
10170357.325561972 -20335775.528036427 -0.4652914397421898
10170357.855399938 -20335778.1967338 0.6668777364894495
10170358.293259606 -20335779.97732843 -0.5234977425718235
10170358.202554768 -20335779.341672845 0.8347027479497569
10170358.351342538 -20335777.63983706 -1.2211635848366957
10170359.138866903 -20335777.12763352 -1.6230023136428464
10170360.755350994 -20335778.132350538 -0.07978858967366803
10170358.633272842 -20335779.897039127 -1.6873466157320556
10170356.67338699 -20335776.94186817 1.3955471777213968
10170358.627589574 -20335776.340069346 -0.43706188606546087
10170358.187881783 -20335779.537229832 -0.43342775182608534
10170356.116029508 -20335775.97044505 1.0911691163203157
10170358.137861563 -20335778.105255283 1.1874115031250199
10170357.815705845 -20335776.23075705 -0.7234794064162279
10170356.510619184 -20335774.603924427 0.05316290649927502
10170357.775365528 -20335775.730345186 -0.21843869457888415
10170357.492451772 -20335777.99445188 0.060152009607662205
10170357.624136148 -20335775.783802446 1.4711421749706
10170357.586773394 -20335778.662647065 1.822985306896842
10170359.619257925 -20335779.084303487 -0.9930079798213649
10170359.178116102 -20335777.791086484 -0.29770004140136375
10170358.218825672 -20335778.011013452 -0.9244970059635005
10170358.177219579 -20335779.30229347 1.5434134762365979
10170357.333953066 -20335778.05125868 0.743226518499817
10170359.073562387 -20335776.82040385 0.16665808437665444
10170358.99018106 -20335778.145448137 -1.217068450644647
10170359.421104101 -20335780.056517214 -0.165748391005138
10170359.109710302 -20335776.46165564 0.3180601953254999
10170356.880461149 -20335777.719803695 1.1934620609733082
10170358.627891708 -20335776.36257846 0.6213546297823609
10170358.67177123 -20335777.178154245 -0.6359604001562458
10170358.735845115 -20335777.240291253 -0.22553462365905802
10170358.191248119 -20335777.658311743 -0.5405547960662057
10170360.36803762 -20335778.626998037 1.7560250074332953
10170358.248000368 -20335778.784464728 0.9664206798333971
10170357.0381594 -20335775.400845252 -0.0779273969196563
10170357.65867607 -20335776.44394865 0.11792388329355383
10170359.691210095 -20335777.651716832 -0.04255708484880713
10170357.519522501 -20335776.943869956 -0.5112390903023741
10170356.675956076 -20335778.487621028 1.047395030765327