21723751.84114222 3325139.304575581 -0.1734590199400327
21723753.538751666 3325139.2867764486 1.065564827778896
21723756.07384141 3325138.269080649 -0.8107549351089159
21723753.67888817 3325137.4279401693 1.6098611589173106
21723754.013016947 3325137.847558175 0.08120227143977485
21723754.84108272 3325138.3054603646 0.12258030153781506
21723754.883105267 3325137.5970658762 0.9829875422728641
21723752.081053086 3325140.670198451 -0.16764892981713836
21723751.64305211 3325140.891188373 1.3425857125637966
21723753.518169895 3325139.3455260294 -1.0094038091939133
21723754.89915123 3325137.584042052 -0.6887308369295335
21723755.249562427 3325139.91523843 0.5800829105563481
21723752.304569002 3325140.416657799 -0.1443023959750056
21723753.27947807 3325138.131334384 -1.4609755647435083
21723757.26489573 3325139.3804936544 -0.25933293228299614
21723754.84305508 3325141.3310257606 0.17903085649938655
21723752.20831258 3325138.6199221117 1.226417152569502
21723755.140766714 3325137.96029127 0.08429350202692805
21723752.842819013 3325139.666442341 -1.0295727384729594
21723752.493876625 3325138.778815033 0.2722860552099685
21723751.225517772 3325138.620758377 0.30817049303236344
21723753.290872026 3325139.325295926 -2.3131096390835775
21723754.316973712 3325139.7091909507 0.9150916738235422
21723752.72722635 3325139.7162594376 -1.183726850312489
21723753.452347025 3325140.0830988744 0.32742067255172935
21723752.37499872 3325139.470819098 -0.6180147324601146
21723752.731061436 3325139.3404781963 -0.3459267695407915
21723753.627110906 3325137.875605873 -0.20108275617104918
21723750.71257981 3325138.201404026 -0.9448309112258976
21723752.80645489 3325137.5244593723 -0.04570435539047549
21723753.7060312 3325140.159508979 -0.4924178859447636
21723756.27408629 3325139.812538553 -0.372765269825378
21723755.467802342 3325139.830954276 1.6585216226626613
21723752.376223356 3325136.7106223567 0.7886258919127191
21723753.649332467 3325140.5289139855 -0.48319555044166557
21723755.754310913 3325140.3316830266 -0.12818749538356897
21723752.227218207 3325137.0854169633 -0.2894490563620984
21723753.172732472 3325138.560855749 -0.9612072715120237
21723752.95646881 3325139.865588213 -0.5043743068705497
21723755.787078924 3325137.0028091734 0.8988914326502456
21723753.354280073 3325139.346083112 0.10548040875009432
21723750.70348809 3325138.4749449166 -1.2928881760131814
21723754.089137677 3325141.0474940212 -0.21593001891548708
21723753.6104663 3325136.3574775364 0.1908150836765064
21723752.095567573 3325138.764192687 1.7412945313366976
21723753.360722862 3325139.201415876 -1.5219155719560329
21723754.809416685 3325139.0014584297 -0.38136298918139777
21723752.238854688 3325139.9249704955 0.18827102428539266
21723753.99676111 3325139.062763476 0.4768029828123575
21723755.17330014 3325139.3430889123 -0.696751763068332
21723753.8020453 3325140.9406599766 0.3051963310902913
21723755.391782776 3325139.452592328 -1.7452119454769255
21723754.92431914 3325140.1609337274 0.11365790401113417
21723754.997471265 3325138.6944311094 -0.058576957505530186
21723756.114882436 3325138.9084952697 0.9096431597510476
21723755.900230944 3325139.0835403204 0.5570119349128928
21723752.762841202 3325138.948154963 -1.3268562497697682
21723754.552915826 3325140.9613659875 1.805327981776415
21723753.74045635 3325137.6038020174 0.2250833863142397
21723754.33543379 3325139.1584514873 0.763927513310899
21723751.621323097 3325140.164780335 0.27735993539675796
21723753.88523349 3325140.331516225 0.1134759955104929
21723753.96895888 3325137.480941207 -1.7791185894879362
21723753.362879667 3325137.7745142076 -0.35194321031056147
21723753.64528673 3325139.2946552075 0.6366258175457737
21723753.011464912 3325140.2317646355 -1.5313244780652735
21723751.964064855 3325138.8128031 -1.0851750830067097
21723756.45085076 3325138.510882413 0.8280789598429998
21723754.960820355 3325139.4238572204 0.10609197421558375
21723754.772989836 3325140.371934532 1.6728176358469131
21723752.008964427 3325138.2094008867 0.4985247554768832
21723753.989996742 3325138.9044500845 -0.6988254997325063
21723755.131327543 3325137.5932001458 -0.9602160056666736
21723752.313633725 3325139.062620698 0.7033422817447507
21723754.616352625 3325140.468464698 0.19256143978854112
21723753.075015403 3325139.532427515 -2.9339214143979895
21723754.61326246 3325139.3016985897 -0.1943115656839632
21723754.744150255 3325138.426086319 1.01005973198093
21723755.0077637 3325139.768623262 -0.5691593233830817
21723755.886607353 3325138.2643143027 0.06919171176206665
21723754.552895524 3325140.664967266 0.5306306607103172