1950612.124114543 21651170.731058925 1.4628466091560433
1950611.8847474651 21651170.510475583 -1.4585326083977417
1950612.1302945162 21651172.18571899 0.3112345500697398
1950613.331377247 21651168.973255023 1.538701697899617
1950615.1402788898 21651170.32863044 -0.1012360825211938
1950611.3445575389 21651171.00173751 0.7821002817403486
1950612.2863499015 21651169.48885065 -1.6124923388631858
1950614.8674433003 21651169.598164964 -2.0256522733148787
1950614.2540646277 21651172.722777758 -1.4403570540998585
1950611.3030697312 21651171.56189777 -0.9759568669379346
1950613.4029442542 21651172.69750714 -0.476476254409803
1950612.5337147915 21651171.760946833 -1.5142320052171887
1950613.6595217953 21651172.293783985 -0.19935846022640674
1950611.9428536056 21651171.776892487 -0.7119729541849007
1950611.2681681784 21651172.054623164 0.1531762218724183
1950614.2692469268 21651171.20413752 0.9163474880582391
1950613.3943923356 21651172.68591175 -0.7000611109402279
1950614.6223911082 21651169.71249004 0.29811603587579705
1950613.3692443178 21651170.48610572 -1.7929584770919844
1950611.9617267686 21651169.172010817 0.08019940300687389
1950612.139809133 21651173.321387477 1.717319733938134
1950612.748463456 21651171.62287183 -0.8117916122875241
1950612.868814915 21651173.417194705 -1.3817391018588547
1950611.9724084798 21651170.95922195 0.7179385090000079
1950613.9310872853 21651170.74092813 1.3497347651464329
1950610.346533575 21651172.399475068 0.017964987071825173
1950610.2843300789 21651171.319318667 0.4903853858659982
1950614.2412268003 21651171.741896503 -0.1401851915237245
1950612.1396508955 21651172.964655768 -0.4586505664277659
1950613.6008341564 21651173.52304872 -0.6986489708034956
1950612.4571051365 21651171.73670628 0.44618120636096587
1950613.6318759066 21651170.659711953 0.08077088702314363
1950614.96168574 21651170.722889297 -2.256199597270674
1950613.1670258814 21651172.31510405 2.104129638055372
1950612.7011225438 21651171.2505701 -0.3571713914268417
1950615.1631784174 21651171.479916647 0.4807185964524834
1950613.2796794719 21651170.142658096 -0.08470525821961407
1950614.6363105152 21651170.927430093 0.07915034441985748
1950611.043533449 21651172.695438467 1.3331349136260613
1950614.089729157 21651170.908645257 0.9886907644402086
1950614.7314678985 21651170.780452173 0.1970448289971417
1950611.772320819 21651171.075519476 -1.4477516976561111
1950614.0214272065 21651169.17491997 -1.3656538940617962
1950614.08813195 21651169.511594586 1.0759496807836282
1950610.7097233643 21651171.097653568 0.08695500637556822
1950613.2173779414 21651173.31358494 -0.045230471948705005
1950613.3567581738 21651171.3738745 0.8028045408663855
1950613.4048937033 21651169.273464076 0.9586569551757307
1950612.6693238688 21651170.9237771 0.04103405451928287
1950613.0198052034 21651172.357994817 -0.9089193594734428
1950613.7539706305 21651172.149818446 -1.5931255155735262
1950611.461070096 21651172.61255587 -0.3090008021762493
1950612.3005619254 21651172.7158141 -0.9792046959280633
1950611.2696905716 21651172.16635535 -0.6331013489841022
1950613.514142816 21651171.287308656 -0.015057746037697897
1950610.8976076387 21651171.966642212 0.8125154652105393
1950612.8344657435 21651169.039432205 2.373177521171531
1950614.3673525876 21651171.19323604 -0.3544887978882385
1950611.6891045712 21651169.278737467 0.9981798904125868
1950613.1937909238 21651172.327543765 -0.5333213212386941
1950612.7685224437 21651169.350106977 0.18943721293339816
1950614.179964056 21651172.088987086 -1.11130344959928
1950611.7744785035 21651172.211457126 -0.5602249164460028
1950612.898114943 21651172.76912261 0.5037327292293682
1950612.5768267023 21651171.248680823 -0.5803123061388978
1950612.8270980774 21651172.642115213 2.4355103832305804
1950613.8333915179 21651170.064349134 0.3389588550962604
1950611.214052482 21651171.107697908 0.2950825131952175
1950614.261299991 21651171.58410658 0.686672862592419
1950613.6426142952 21651173.219452336 1.6780392948885048
1950613.7342648054 21651169.64207517 -1.4644175704598779
1950614.8018525199 21651170.48355932 0.633179564240751
1950615.0459710972 21651169.007083733 0.3106619373057057
1950611.2582052813 21651169.378832027 0.058261861809751236
1950612.8650773899 21651168.598621782 0.2591663530149559
1950610.843270833 21651171.44491368 -0.5356977994801182
1950612.7825976578 21651171.453388683 0.10523233070878793
1950612.310494393 21651173.72398475 -0.23349922917346846
1950612.5028038328 21651172.163599033 -1.0366649464863458
1950611.0058250595 21651171.202353425 1.807290425150938
1950612.4019888826 21651170.02407062 0.4145040470404929