-20943342.666744262 7916476.370600518 -0.0750705818406153
-20943345.15233464 7916478.057250115 -0.2667618531121617
-20943343.730011057 7916475.874330626 -0.099686277497303
-20943343.638638522 7916478.068871217 2.0177423947641016
-20943346.533080935 7916476.371091716 1.3672354988269475
-20943344.419008248 7916477.227859346 0.4043782154406277
-20943344.621224884 7916476.41387172 1.5991343063644345
-20943345.35089208 7916478.037897033 2.1547855599705197
-20943343.33696809 7916475.46390212 0.7620048064639591
-20943343.32174218 7916478.192384588 1.8718771300355326
-20943345.740493167 7916475.998521813 -0.8107035564763713
-20943345.727013666 7916477.461274639 -0.2738731914662943
-20943346.651061244 7916477.613594173 -0.9446291722269632
-20943344.549533635 7916478.33415504 0.6787304327486829
-20943346.17236766 7916477.879467026 -0.9246926253958575
-20943346.95034796 7916476.05727979 -1.4060933824263402
-20943344.976789422 7916475.744346846 2.1757961982523852
-20943342.916026134 7916474.327127079 -1.1864129873383926
-20943345.256553467 7916480.010723939 -0.23652066578769784
-20943345.294350613 7916477.6283626715 -0.6042206962391141
-20943342.85019883 7916479.910066109 -0.08676395856928414
-20943346.31414436 7916475.077648222 -0.22938600941892873
-20943344.682508033 7916476.530828243 -0.5430769701453
-20943346.97176747 7916478.79116385 -0.5258679599672815
-20943344.07284535 7916476.216245997 -0.408884123091554
-20943343.71538367 7916476.566138364 0.5236890288221852
-20943347.087536056 7916477.742598693 0.2788725583263201
-20943342.425658315 7916475.806909571 0.6777437713660984
-20943345.369483266 7916477.567000744 -1.9543131623440544
-20943346.573455676 7916478.045694093 -0.38686188804347155
-20943344.866852593 7916476.558746832 0.29265818572065305
-20943345.286916185 7916477.174279844 -0.3284685114104452
-20943344.72527867 7916475.071741111 -1.1850062420300107
-20943344.147096682 7916477.143408999 -0.5189605052075601
-20943342.509624977 7916476.684510168 -0.17423713845892808
-20943344.45837456 7916474.690085601 1.1807415077201642
-20943345.096185274 7916476.28403377 0.6794552082333811
-20943342.264858305 7916477.83549963 0.5409958627687643
-20943343.16399542 7916477.622992175 -2.26307532282999
-20943343.670535147 7916478.846415477 0.9078820474434085
-20943343.954367954 7916476.515048284 -0.7640432492710352
-20943343.90892605 7916475.192587972 0.6980355997750107
-20943344.445715524 7916475.590418411 1.0522369367501316
-20943345.96153225 7916477.427704323 -1.4520862002594528
-20943344.616975985 7916478.536272365 -0.07699875253912672
-20943344.833014432 7916475.863574488 -0.26896781561312344
-20943343.555170406 7916477.522216041 0.05039044913263569
-20943345.856863018 7916475.013801464 -0.20101336426752106
-20943342.8209171 7916477.3535945 0.5568836806110238
-20943345.620095447 7916476.336252672 0.4797926798267682
-20943344.732572976 7916476.555903381 -1.066503737353575
-20943345.349755634 7916476.236367473 0.6128945809906314
-20943345.294341337 7916475.575806642 0.7768423485952833
-20943343.86367853 7916477.926118297 0.09858390222774732
-20943345.78513139 7916477.585869976 -1.3296017014561547
-20943344.036496874 7916477.467418246 -0.238800531011782
-20943343.267212648 7916475.960107575 -0.4385130955587726
-20943345.056009427 7916479.023359213 0.6768662290039421
-20943346.94685241 7916479.222400899 0.14437855283586085
-20943344.063711017 7916477.535666016 -0.7206589090113272
-20943345.008504976 7916478.8305484895 -1.0135471567115344
-20943344.45257508 7916475.923906019 0.32442239593474
-20943345.77633977 7916476.523146471 1.567068750065048
-20943346.55087155 7916477.687865267 -0.5038949877281773
-20943345.885563027 7916476.7218825435 -1.3534986590012799
-20943346.35399032 7916475.85809368 2.266404742407529
-20943344.919418577 7916477.500132515 -0.6739336453475891
-20943344.271179013 7916476.221120242 -0.26462133137495103
-20943346.809871 7916477.34282036 0.6209936589895972
-20943343.71650423 7916476.624046356 0.2892731089250404
-20943343.914830394 7916478.58239467 2.2676452284160487
-20943345.863922387 7916476.883274246 -0.33447932534975977
-20943342.386162236 7916477.887958826 0.8876281640784246
-20943346.594634213 7916478.542259358 0.09103504533831519
-20943344.844714515 7916477.81405002 0.7574575265502748
-20943345.470016584 7916476.296604112 1.3048547757129636
-20943345.072449166 7916477.122007151 -1.0825339097500086
-20943346.058425255 7916477.004451421 0.6653386939793009
-20943344.512687266 7916476.3992368365 -1.2147940774534658
-20943345.379407767 7916476.862371078 -0.2265605255351777
-20943343.807245377 7916476.062918779 -0.33518403884420844