-15035701.888054758 -17343799.608616482 -0.9526374190889779
-15035699.902233543 -17343801.403723 -0.46396008978587455
-15035701.01040266 -17343799.191789158 -0.5810866476218512
-15035699.178677501 -17343802.50112916 -0.748884354873257
-15035699.384530779 -17343799.421622075 -1.5602590938018899
-15035701.92824154 -17343800.475116923 0.6504371320954179
-15035701.664577516 -17343800.497731782 -1.250200940315898
-15035699.184878627 -17343801.453944337 1.0544114469713484
-15035697.08225002 -17343799.751591433 0.018017648454188184
-15035698.612116942 -17343798.96197782 0.48704108362434567
-15035700.878731206 -17343801.800563354 0.7963223581781838
-15035700.53240481 -17343799.88205695 -1.196195080948832
-15035699.379758636 -17343802.02295549 -0.7841542609465872
-15035700.224005135 -17343800.86774161 -1.8475187170637257
-15035700.542600397 -17343798.613732792 -1.2626781211912945
-15035699.176992122 -17343799.623217873 0.3812231175389991
-15035697.37638405 -17343799.97955458 0.052204848899513795
-15035699.033432141 -17343798.19095854 0.9515902705501221
-15035698.96213202 -17343799.087075237 -1.3490279449780054
-15035699.92819483 -17343801.12143755 -0.07392971048871569
-15035699.974781984 -17343798.243344158 -1.8740389149140695
-15035699.434213748 -17343798.787855092 -0.4432591605596936
-15035700.646889493 -17343799.228506673 -0.8346831982866864
-15035698.074384764 -17343800.01602844 0.7288823012571318
-15035702.083808362 -17343800.06411187 1.1063643229998026
-15035700.668703733 -17343800.68733012 1.3703481855027437
-15035698.634435609 -17343799.369945318 1.9655080963152038
-15035701.914710313 -17343799.760724433 -0.03664848840766277
-15035698.94514352 -17343798.63227538 1.6284927111028562
-15035701.645505322 -17343802.46848818 -0.8483876972229978
-15035700.79595446 -17343799.770750307 1.0201686850531546
-15035699.530360974 -17343801.127022926 0.12143362590844686
-15035698.860597586 -17343801.29815937 -0.3371023244500008
-15035699.829591557 -17343802.002668157 -0.20375466262618436
-15035700.858627634 -17343799.437719036 1.5548951935178974
-15035699.994222527 -17343801.0811345 0.7580574641536537
-15035699.092446847 -17343799.542382643 -0.059634459286506056
-15035701.817853576 -17343801.05509568 1.4778505112247928
-15035700.293148398 -17343800.50594253 -3.561623508657507
-15035698.205717832 -17343800.024661742 0.7899474415868417
-15035700.057844007 -17343797.749496445 -0.8139449928073335
-15035701.029093593 -17343799.612625293 -1.4282628871793388
-15035700.622009015 -17343800.189754736 -1.080874557948184
-15035698.497808019 -17343798.96469217 1.8084304823282942
-15035698.679803059 -17343797.60152271 -1.1457532910227488
-15035699.937750451 -17343800.867195718 0.6947301834253173
-15035701.701112425 -17343802.08846952 0.4552420614870495
-15035698.977996698 -17343801.17747512 1.912359835249665
-15035700.121974817 -17343801.91515621 1.2611742576106209
-15035697.95929571 -17343799.425968837 0.6018356647786591
-15035699.377132649 -17343801.24810032 0.7152571351759652
-15035699.529043736 -17343801.24497798 0.3427853545966249
-15035698.78341236 -17343799.270997435 1.3365790771805217
-15035702.115475435 -17343799.830898374 1.582737257995933
-15035700.06265785 -17343798.948256586 0.9733326078221013
-15035701.251276415 -17343801.38509041 -0.07975640106073606
-15035701.405382534 -17343799.40923227 -0.16141041815347157
-15035700.510728821 -17343799.436893757 -0.5834496612938387
-15035702.036090361 -17343801.851423793 -0.5267277236412962
-15035698.481923562 -17343799.74669362 0.01646284217772316
-15035697.837448467 -17343801.808933064 -0.7192058048464525
-15035699.396898316 -17343799.93440454 -0.8730086934814989
-15035700.87389797 -17343799.57630617 0.699344720784834
-15035700.430628115 -17343800.634374358 0.14171431558730269
-15035700.148924693 -17343802.08911571 -0.9619243228982315
-15035702.210303124 -17343798.50507381 0.6651777702228665
-15035699.76624943 -17343799.37005838 -0.1310671995533249
-15035699.221562138 -17343800.626949936 -0.7255893314382545
-15035702.058631124 -17343801.783994667 0.16512607050833739
-15035699.453210307 -17343801.605993856 -0.13619920349678993
-15035699.957659623 -17343799.45988527 0.9581608062172151
-15035700.106367894 -17343801.475198146 1.2440094836561368
-15035701.300770095 -17343800.186608754 -1.5736574769968374
-15035699.799140876 -17343801.80009054 0.4499481563886024
-15035699.156076407 -17343800.99447114 0.207824115297249
-15035699.145894038 -17343802.11834634 0.25291703535441673
-15035700.385972653 -17343801.412442338 -0.6151207564348673
-15035699.289938452 -17343800.68677005 2.5284147689678727
-15035698.099599347 -17343800.316300463 -1.2921425510256013
-15035699.625710832 -17343802.79716928 0.37680931055968625
-15035698.96764427 -17343800.56758943 0.6256042769373813