10604301.361865846 -20020198.98189654 -0.5223516057769231
10604302.994939903 -20020202.851413775 1.0663142179471932
10604300.667829858 -20020202.579111513 -0.7314373596253894
10604301.27894868 -20020203.51365707 0.8391211977460493
10604299.96547165 -20020201.754262675 0.37772724800540425
10604301.672043463 -20020202.62388122 -0.2203334924977183
10604302.38349389 -20020201.309337575 1.1542602947242877
10604301.720455863 -20020201.291889727 -0.025422603378324762
10604302.873755943 -20020199.63485248 1.1056701310508277
10604301.631412817 -20020199.32309054 -1.0435598031108895
10604301.43961062 -20020202.90743886 -0.9874350689926684
10604302.295604704 -20020200.538203422 -0.12907449769021898
10604298.521597017 -20020201.674155988 -0.3863533110645123
10604302.707425563 -20020202.758173514 0.9527177982716021
10604301.326202549 -20020201.554080244 0.4971209543085124
10604302.330525922 -20020199.793527547 -0.29680725507247857
10604300.542472577 -20020201.701647762 1.1303333475196782
10604298.65957534 -20020201.605475772 0.09275774036123674
10604299.308004282 -20020202.628925823 -1.1471087648501568
10604301.880393658 -20020200.987025246 -0.4980477923951183
10604299.912075553 -20020200.19718448 -1.8347969021182815
10604299.616222208 -20020200.24334065 -0.295982519600126
10604301.252311736 -20020201.922505062 1.6413347378048972
10604302.164447132 -20020203.151232563 1.1756748702223188
10604298.74755836 -20020200.78941275 0.5433421039784622
10604300.913026322 -20020202.74902949 -0.256725068650557
10604299.149343817 -20020199.423479885 -0.6571768337736679
10604300.542177081 -20020203.057596162 1.165859859370512
10604302.221795049 -20020199.70280814 -1.5807593829497004
10604301.55719129 -20020202.480529033 -1.124174770477617
10604301.852644496 -20020204.074906792 -0.20332523645353115
10604299.453825884 -20020201.653688844 -1.3454736204648692
10604302.313189229 -20020202.039621837 0.7219474923797915
10604300.45832412 -20020200.06287834 -1.1544789085477225
10604300.017166223 -20020200.074228276 -0.8792438525051536
10604302.517053703 -20020201.62487618 -0.7016386062503166
10604302.04891044 -20020201.950200144 -0.06447227329563597
10604302.340538638 -20020201.271681085 -0.5766856517888075
10604299.583164625 -20020202.329934508 2.946002214725853
10604302.79443936 -20020200.838110644 0.04168312917188871
10604300.031047415 -20020201.6555343 -1.4660250453543429
10604301.389580265 -20020200.124345064 0.539322806161098
10604300.14424132 -20020201.437881142 -0.8319200983579083
10604301.319176152 -20020201.906888504 2.246176000903688
10604300.95583853 -20020201.15043707 1.5730577718154894
10604301.413835542 -20020200.68091133 -1.8977717562329948
10604302.275406849 -20020199.539219428 -1.8061130478624103
10604299.274775935 -20020200.096958265 2.068540882431644
10604300.475337874 -20020200.67317756 0.38763253090037764
10604300.668480879 -20020201.030817017 -0.05791890368731557
10604300.816829525 -20020202.783130795 -0.3545952215703182
10604300.254983582 -20020201.568827987 -1.032726410797117
10604300.721487625 -20020200.196423385 0.5575417222422251
10604301.487298848 -20020200.208769806 0.43162104619088576
10604300.174820418 -20020201.063031726 1.6891702532510164
10604300.713789618 -20020200.693056572 -0.2696269179593123
10604301.720108842 -20020199.515048623 1.2244062501444006
10604302.494473007 -20020201.909833796 -1.3530665500055679
10604300.55374131 -20020198.67682761 -0.7760967614826472
10604301.776534926 -20020202.550626628 1.0220179148434783
10604300.386778025 -20020203.14508555 -0.28392214401037336
10604299.84966284 -20020201.979109917 -0.14949402927709116
10604302.412321575 -20020202.20419323 1.5622179024794414
10604300.597734224 -20020200.520826966 -1.5479379224167764
10604298.883951314 -20020202.22352095 -0.5085932827611046
10604301.538166877 -20020199.934820212 1.0226946472744898
10604300.080784844 -20020200.726848047 1.0580498536702507
10604301.928376466 -20020202.306477353 1.0547760523788507
10604302.35672162 -20020201.289083123 -0.8555661555334033
10604299.247289568 -20020201.488428526 0.536030598241686
10604301.641488161 -20020199.70802194 1.264047803440263
10604298.163178496 -20020199.662890926 -2.1662243932652823
10604301.402852396 -20020202.507619817 0.05095556741078009
10604300.20764898 -20020203.520676017 -0.25085524824172767
10604301.43996124 -20020200.894307006 0.8735133769215004
10604299.698718905 -20020200.741285466 -1.027327255328316
10604302.475133294 -20020201.91912817 -1.3115145561472827
10604303.027211623 -20020201.566727027 -2.07233037084328
10604301.614986217 -20020202.482020535 1.1755290179437108
10604299.50580692 -20020203.31717741 -1.3269607957166507
10604299.87013754 -20020200.674207002 -0.4678108775755857