-19882074.185454577 9626375.749015829 0.9415289531362064
-19882077.009775963 9626373.257405438 0.42615825473881125
-19882073.46685936 9626374.247181483 0.2575785625416531
-19882074.023173034 9626373.870991573 -0.25929694574498524
-19882074.540981095 9626376.363428712 -0.9384216009336499
-19882075.78005284 9626376.28732452 -0.023653082864622477
-19882072.887547452 9626374.427201409 1.0321253017810326
-19882075.333147537 9626375.16685876 2.0955642635742717
-19882077.32450077 9626375.404108988 0.942987662705424
-19882075.658693537 9626374.752144536 -1.5591454276719032
-19882073.693982646 9626374.85161899 1.4228259400033807
-19882073.50945729 9626374.348841462 0.8087534290723326
-19882075.95274653 9626374.865215288 0.3390142327364952
-19882075.61017694 9626374.549111994 0.21360876637455506
-19882076.74217597 9626375.315655958 -0.01933459210586877
-19882076.364488926 9626374.12575443 1.2053030052086184
-19882075.946698 9626375.450533893 0.6991580983149056
-19882073.63228649 9626372.663926776 1.4133846408973958
-19882073.290149212 9626375.165140845 0.20766770233349116
-19882075.398222033 9626375.411279973 -1.0370876404889229
-19882073.917876422 9626375.100224 0.8690871133045042
-19882073.70803936 9626375.019613259 -0.5143250686473129
-19882073.717161056 9626373.56283929 -1.1895348065011124
-19882076.00922381 9626375.675268646 -0.4953730627194791
-19882075.54000752 9626377.097457599 -0.3278952455107203
-19882075.05138979 9626374.770178372 -1.772532681016347
-19882074.958797432 9626373.634230474 -0.29396934862218976
-19882074.04447583 9626373.876796354 0.9241938736542102
-19882076.338564206 9626374.298517644 -0.21262797701617447
-19882076.406096257 9626374.810138486 -0.6339772524911744
-19882075.510045107 9626375.203876715 -1.8365338393060324
-19882074.405274823 9626374.040939417 -0.5224616215916817
-19882073.2788586 9626373.97454182 -0.3862162190974665
-19882076.89155145 9626374.854222707 -0.036647151136274814
-19882074.798786823 9626376.063905826 -2.1291735464326855
-19882075.020434566 9626375.419763811 -0.600892790876674
-19882074.660458155 9626373.697782453 0.039581018011672575
-19882072.22993658 9626374.659610458 0.7371237355669348
-19882074.03346115 9626373.861105828 0.31634265478888435
-19882073.9759677 9626373.973662758 -0.4682947592081525
-19882074.780583818 9626376.522594063 0.45946717873285925
-19882076.274368152 9626375.08845131 -1.450435919488013
-19882075.97987533 9626374.483904447 1.0346623263692112
-19882074.915299363 9626373.535036085 0.7336978201976267
-19882073.039326932 9626374.397877518 1.5872052279648206
-19882077.29720018 9626375.639484838 0.48823325608218837
-19882074.776049476 9626372.960744461 0.5446180206897022
-19882076.18928524 9626375.390019791 0.6284438009697156
-19882073.540744312 9626373.942336448 -0.01152915845373681
-19882074.921787273 9626374.375735348 -1.391389290979109
-19882072.98778002 9626375.14683461 1.4394421943434046
-19882074.319595244 9626372.970711589 0.3789361471132634
-19882076.28287819 9626375.11319118 -1.2243438088316212
-19882075.45615823 9626372.585237859 -0.18388428188046682
-19882076.342245393 9626375.279291574 -1.3615911326659274
-19882074.784300826 9626372.966825426 -0.5568486628720315
-19882074.52911255 9626374.109693263 -0.3951434026364247
-19882075.40631016 9626375.160359424 -1.3805580610817767
-19882073.167215575 9626375.146766346 1.1142792593514586
-19882075.431639116 9626373.123667968 -0.2846160074502281
-19882074.933206633 9626375.76746063 0.8280977164245414
-19882073.86687608 9626375.36138126 -0.13626104729053073
-19882074.455734033 9626375.637308264 -0.6545311486166294
-19882074.658353638 9626376.60169222 -0.6399064631635996
-19882075.36320878 9626373.712115478 1.167852984696471
-19882074.13421681 9626376.386609541 0.17067593797465785
-19882074.36559693 9626373.92621792 -0.8454659740808635
-19882077.48009044 9626375.018025309 0.5480127201406517
-19882075.60246821 9626375.465142637 1.3280007263025366
-19882073.375107408 9626374.740748769 -0.01583990436647989
-19882072.686846744 9626374.31865235 0.09478299563404019
-19882075.72770488 9626373.701117454 0.36522525629991837
-19882075.582760427 9626374.286125781 -2.5998862417513418
-19882076.183165032 9626373.534172198 0.9829870025091795
-19882072.87472142 9626373.391079335 -0.6086953274721522
-19882073.422356904 9626373.71080559 1.2707787988691135
-19882075.233228464 9626376.45883515 1.475350529659133
-19882075.975246582 9626374.64985035 1.1806764577454876
-19882074.077565417 9626375.277154407 1.1040383852456581
-19882075.624437623 9626375.862004595 0.14137823162311858
-19882075.79558724 9626375.775642887 0.0794168511453392