21517934.296726085 4053684.3745726924 0.3032937375476047
21517933.838833477 4053682.1365250014 -1.0255426304631214
21517935.146382403 4053684.272133022 -0.48980354680424154
21517931.82683224 4053684.6372797894 1.2411869887170024
21517936.00270225 4053683.3990960848 -1.4288834770926118
21517934.32312681 4053685.2305752235 -0.5242064060564828
21517935.47792995 4053684.756857625 1.6850049347496467
21517934.637650665 4053684.0779604055 0.20572157287362
21517934.517028674 4053683.4801216405 1.5384923340445624
21517932.312359612 4053685.3814066863 0.4287669838623498
21517936.521121625 4053682.914641763 0.036812992389380954
21517933.872214567 4053684.5827553924 0.35650756528338146
21517933.335356034 4053684.907421831 0.6672465443588489
21517930.435993545 4053685.6293340726 1.7710339871978131
21517934.04705906 4053683.593016901 0.1269705869777347
21517934.35007092 4053682.2450252413 0.5130174092451489
21517935.770047083 4053684.0407176404 -0.7707332891620209
21517935.28077493 4053681.9191034916 1.5640584372680084
21517934.95892184 4053681.865721775 0.49190924612520975
21517935.46975966 4053683.7447447483 -0.5010541744891234
21517933.633042358 4053683.130000011 1.921046981912647
21517935.114442255 4053683.9486021763 0.9264902744698305
21517932.843421705 4053683.5787482513 0.29422821520781367
21517933.66064062 4053682.4834480397 1.07712525907264
21517932.353039272 4053682.1777222375 -1.5433068787541293
21517932.6561275 4053684.019779694 1.0499126013948392
21517934.7738212 4053683.09487056 -2.315385294735923
21517931.842281442 4053684.0856444947 -0.27741390692999657
21517934.39421239 4053684.027396507 0.09948442534398483
21517932.857420556 4053685.2726128 -1.0103309103951892
21517933.089223206 4053682.67884006 -1.1877741522983816
21517933.565594338 4053684.6059691105 0.9762591003196129
21517932.499208372 4053682.512867503 -1.0905865025260735
21517933.302193213 4053681.9113559704 -0.7362301081709862
21517935.24229008 4053682.6984259803 -1.0436453491362558
21517934.675383233 4053684.47330337 0.31979467212176604
21517932.484934855 4053683.7869297946 -1.904979480459413
21517934.85606884 4053684.1997029004 -0.06818843492684898
21517931.605835475 4053683.4021062786 1.6983715325239832
21517931.845280148 4053684.746565759 0.3178837850212744
21517935.566126596 4053682.0493044574 -0.9304830079036356
21517931.559108473 4053683.6510113464 0.3057274842288806
21517936.09633855 4053684.426899086 1.4509574104260354
21517936.167788506 4053684.811643165 -1.4038223453094973
21517936.36075905 4053683.073801769 -0.8461303678344434
21517935.1041338 4053683.2973551815 -1.0751866967908585
21517933.3218803 4053685.266516667 -0.37663762794127814
21517935.644017268 4053683.031234769 0.8010088524885713
21517933.233716328 4053683.4079683614 -0.17099020548339292
21517931.8032425 4053683.660710891 1.0072703002423269
21517933.288110923 4053684.0721775508 0.9950888523705375
21517934.35275584 4053685.299063599 -0.9019836878234132
21517932.140812732 4053682.5956706377 -0.8690906590492337
21517932.888156846 4053682.1154007777 1.697805770893928
21517935.276930925 4053683.7998282835 -0.35413832402590717
21517931.141305715 4053684.0011109924 -0.9425334885106122
21517934.335878853 4053684.8923854614 -1.421787583570011
21517932.030453075 4053682.383019096 1.0180533588008778
21517934.252674364 4053685.207438139 0.07862848524622926
21517934.873795424 4053683.749243198 -0.00012640092235721712
21517935.800041024 4053684.8294955064 -1.1729423606403453
21517934.87947501 4053683.366335125 0.10341549806333235
21517935.384879548 4053684.85538588 -0.9978542191225361
21517935.044010714 4053684.5115495278 0.614251186571918
21517933.913478952 4053683.2123254123 -0.1835570423844293
21517935.466764476 4053683.2625563107 -1.5590022742618572
21517932.358995494 4053682.607223773 -2.486096218552527
21517932.58151822 4053683.881344785 -0.014603246791645264
21517930.953189988 4053685.6603145855 -1.831963953028774
21517932.79890217 4053683.5518041933 0.08371396631278255
21517934.946228005 4053684.950391135 -0.46523087029735133
21517935.443387743 4053685.9262683373 0.8498003535729668
21517931.673631653 4053683.617700103 0.8614006609711811
21517932.9826473 4053683.046033051 0.9698815882881903
21517931.885560755 4053684.8253217954 -0.9149358311533355
21517933.188818738 4053683.1843536617 -2.0523679762019564
21517933.06100345 4053684.8177010706 1.8238218553900114
21517934.998714022 4053682.3858015975 -0.4919085508415323
21517935.633395918 4053686.6273535904 -1.1475841248311387
21517934.113739405 4053686.340580272 0.9894297157284054
21517934.053160515 4053684.7148973374 -0.1864565669581812