1150229.7170128622 21752176.6652971 1.4038038040979797
1150229.5956125082 21752174.26760381 1.2446872407577445
1150230.5691223033 21752177.68695907 1.1247455358913785
1150231.930664844 21752178.019543085 0.5655941153462157
1150231.2382698704 21752173.87035784 0.15599488070616757
1150230.38912025 21752175.47839835 -1.1027580657897122
1150232.5987516458 21752175.771133006 -0.27321843376939364
1150230.6348164622 21752176.080478493 -0.05443915029138284
1150230.7979224802 21752176.008915182 -0.5845854382084172
1150230.2857487125 21752175.805380214 -2.7477251711248685
1150229.9982657465 21752175.752638906 -0.2652573615269159
1150230.3092517124 21752174.71276558 0.09086051713360524
1150232.5746070414 21752178.441096693 0.47151295012722927
1150230.968074486 21752179.00432285 -1.3134289367810752
1150230.7026340177 21752176.304945808 0.7837217714632279
1150232.1829317915 21752175.876937177 -1.4863339424524704
1150230.636063113 21752173.94991179 -0.1194613219382629
1150230.777773318 21752176.478004426 0.9406129109841449
1150229.5517570213 21752177.967604734 1.8841068745838363
1150231.1185161518 21752175.11601473 -1.2183153027760918
1150229.525738267 21752180.176006634 -0.3234963222676714
1150231.152804318 21752176.079981882 0.012904669437623278
1150230.8253253098 21752176.52660736 -0.49970200063336606
1150229.5726465164 21752175.079037458 -0.14367166179632412
1150231.423869336 21752172.751199502 0.23856889354508098
1150231.2785748162 21752175.750826545 -0.12961688001250138
1150232.3877660802 21752175.58590564 0.6331329305659024
1150231.6096942509 21752176.6383291 -0.18569548035201353
1150228.7440357204 21752176.07474463 0.9833264455271998
1150231.1588696172 21752172.990949742 -1.5711853071269328
1150229.4507535975 21752175.188328467 -1.2704804361854254
1150232.0011475491 21752177.820826504 -0.7261626352380361
1150230.9292993355 21752177.669478696 -0.24851345587996343
1150229.3579968496 21752176.009977262 -0.8642730731436901
1150232.4059803195 21752174.895524014 0.8081146782209722
1150230.1011376465 21752178.34415901 -1.995139536991446
1150230.2182850605 21752176.044662386 0.2109247579693427
1150231.2217087108 21752177.829982825 1.059868165055839
1150232.732296703 21752176.883042775 -0.16190051337450823
1150230.8425762493 21752174.722660583 -0.3870968957680716
1150230.452766884 21752175.298385374 0.5196273541704673
1150230.7957589484 21752176.967079617 0.44613792127187313
1150231.6790775305 21752173.87189562 -0.2719909977814254
1150230.7917190585 21752177.318223234 -0.10284564609361084
1150230.2032987792 21752175.787382253 0.0964009991396141
1150230.7536992086 21752176.375405297 -1.5282753450608655
1150230.2999408036 21752176.913784727 1.9767521763317797
1150230.1157328205 21752178.34413419 1.296326906193559
1150231.1351192633 21752176.423962258 -1.7440310741891338
1150231.3529696031 21752177.56784328 1.1492935075976616
1150231.936746244 21752177.15732221 0.6098163982139218
1150230.4331881625 21752177.579902347 -0.2981855951276625
1150231.0191214692 21752177.638024196 1.0377518883793069
1150232.0258780466 21752175.02862875 1.0506825159367073
1150231.1456028442 21752177.15749033 1.1391656668007464
1150232.7627571237 21752175.324878324 -0.7955833213857373
1150228.6007818668 21752176.4962999 0.31026627874502877
1150230.1918854478 21752178.8897465 -0.03839724153740898
1150231.7535481767 21752174.738903724 -0.9357341163001802
1150230.8597378156 21752176.824055687 -0.6551270513970405
1150232.6539702795 21752174.124965258 0.36218441164865733
1150230.420222252 21752177.74505438 -0.4225414460359317
1150230.7710914218 21752177.719980728 1.7641741921769805
1150229.537453266 21752175.685821936 -0.803220810514934
1150229.918008255 21752176.39267099 1.5199996403207954
1150231.8768012666 21752178.60841301 -0.7737627916168409
1150231.0462125603 21752174.25738973 -0.43673223106067327
1150230.803145523 21752178.261637054 -0.6724684657199589
1150230.7888342137 21752174.317633703 -0.2803684299719035
1150229.2400288694 21752176.1860832 0.06643386843767271
1150231.0131265875 21752177.945302885 -1.1843504562546174
1150232.0773998955 21752178.193518907 -0.591566585024976
1150230.1187882922 21752175.501617808 -1.2354523744845858
1150230.5224875992 21752179.510092154 1.5199646773203528
1150229.6949937395 21752177.1862696 0.8641601341925129
1150231.9448390964 21752178.257089738 0.3763231916448896
1150230.103554986 21752174.471899368 0.9975247610642605
1150230.8779410212 21752174.393555716 0.4962952301013517
1150232.7456849185 21752175.625851665 1.0281034706031478
1150231.9624134488 21752173.074856997 -0.09604700423710551
1150230.4762088356 21752174.970002398 -0.9923025134914769