-21243148.140923887 7382131.823216124 1.4509295178904
-21243150.033173293 7382131.805726237 -0.20575226479773978
-21243147.459087387 7382133.309154717 -0.4502157115990697
-21243149.37228244 7382130.761246656 -1.617069816931555
-21243145.764400773 7382130.974062613 1.7808225021350117
-21243148.169590347 7382132.379371677 0.9473984952304497
-21243149.08800918 7382133.5592003055 0.23872307486568556
-21243147.830274187 7382131.86796754 -0.17957097378233905
-21243148.49792962 7382131.139643945 -0.9908128368257862
-21243145.987680413 7382130.765828501 -0.6498882478436898
-21243147.542813238 7382130.992236825 -0.8191014864174491
-21243148.10718785 7382130.067728094 -1.2653508207574675
-21243148.137203246 7382130.580897243 -1.4457182567522926
-21243147.25408301 7382130.246546049 0.49554487815624687
-21243147.50042957 7382132.678604519 1.6772341313674102
-21243146.85139557 7382133.151600511 -0.4171539564678688
-21243148.52647691 7382131.759186193 -1.0459712913372083
-21243147.504507307 7382132.789886497 0.7116412215724223
-21243148.131430373 7382130.836961298 -1.7758444378402758
-21243145.581567604 7382131.130633874 2.2514991114556135
-21243145.187532116 7382133.075376157 -0.4483880383793204
-21243148.32280692 7382132.886050075 0.8286169401670179
-21243147.368220445 7382131.770216011 -2.064719844672458
-21243148.33629986 7382130.318284449 -0.47348805293496854
-21243149.42186762 7382131.114017011 2.8494278179279147
-21243148.976232886 7382131.155046987 -1.1595361108482516
-21243145.65646621 7382128.857768632 -0.033395984231598945
-21243145.379019525 7382132.105407132 0.498898215652142
-21243150.62972762 7382133.632938267 0.8557421617823388
-21243148.163396772 7382131.262871197 1.307799157460878
-21243148.3417618 7382132.941186899 -0.02632885634017415
-21243146.496996168 7382133.380159746 0.2332833395640529
-21243148.152863547 7382131.495987727 1.2211155389958859
-21243146.224668648 7382133.50676611 -0.24187029968816007
-21243148.56994727 7382132.88671382 -0.12043141410209432
-21243148.194311664 7382133.817547264 1.1949164485818098
-21243147.71882154 7382133.394824723 0.45646799127204873
-21243147.422819786 7382132.633151703 0.36604264168471623
-21243145.353776988 7382132.02763599 -1.0150401138533915
-21243147.823278546 7382132.855879881 -0.8878364619202164
-21243146.174417585 7382132.586949769 -1.313056932248505
-21243146.968701728 7382132.857577391 -0.5273092108266819
-21243147.290458437 7382130.870307224 1.4877444982396588
-21243146.30813028 7382132.227849039 0.26444836535362154
-21243147.374136306 7382131.913023893 1.941661038982587
-21243145.904953763 7382131.812784841 -1.4031111638827234
-21243147.198770195 7382132.442327017 -1.304299649527481
-21243147.33029429 7382132.028487051 -0.5499161031392052
-21243147.907591682 7382132.121553673 -0.04034572849494647
-21243146.759938832 7382132.606876512 0.7261645048738661
-21243147.12863675 7382132.727274155 0.6716364121858174
-21243146.25301696 7382131.492226818 0.37110666951565874
-21243148.1903319 7382132.754970459 0.09040329987803189
-21243146.811652485 7382134.142084154 0.46308161233856276
-21243145.7279536 7382130.951790958 0.2579692318974656
-21243148.741916522 7382131.0584611725 -0.5280568033696471
-21243147.48129935 7382133.767388418 -0.6025130406124235
-21243149.441987853 7382130.971798797 -0.10918956975681435
-21243149.079993386 7382129.556279784 -0.5807287226208824
-21243147.801113486 7382132.450434707 1.0524568855912593
-21243148.373429418 7382133.087194705 0.4236947368932078
-21243148.90512817 7382131.929699049 0.5469023754585725
-21243149.589829914 7382132.138379678 -0.0008123625003642887
-21243150.69123297 7382131.741286429 -0.5853576582955496
-21243145.366830487 7382131.217231867 0.09905559952255763
-21243149.583581734 7382132.488523036 1.301669972787899
-21243149.52601733 7382132.338153292 1.8952736096619291
-21243147.042760894 7382132.024997582 -1.355268017318537
-21243145.749604966 7382130.529898053 -0.2014878246648138
-21243146.978497557 7382131.999334235 -0.29145064598511755
-21243148.769967552 7382133.7914834535 0.824205318729966
-21243150.10111173 7382130.763394312 -1.0468471155150139
-21243148.746933125 7382130.578412411 0.3634442345762673
-21243149.76454626 7382134.339520649 -0.45097878195170993
-21243148.556590147 7382132.0862563085 0.8851452697774087
-21243144.978187792 7382133.23371716 -1.0217423154219358
-21243148.412426483 7382131.690701651 1.1092748449370655
-21243146.891138453 7382130.237658337 -1.3405673094642787
-21243146.68106955 7382132.504200424 0.33407632634564927
-21243147.23812557 7382130.698325514 -0.26444044437371833
-21243147.832537793 7382132.520992297 1.760392156808229