-15620901.110289449 -16833132.90446543 0.30526760450945334
-15620902.76315862 -16833130.483941842 1.3195420570004102
-15620901.815522533 -16833134.59533329 -0.062133006852461314
-15620903.222582325 -16833132.046437435 0.9772123335639462
-15620903.294710191 -16833130.494231336 -0.047807570945211014
-15620903.983140973 -16833131.517770544 0.5743542377192606
-15620900.694923945 -16833133.891102172 0.04605430583261358
-15620902.572345555 -16833132.41154527 -1.3340270308131381
-15620903.160899218 -16833131.095002018 -1.1865646146261257
-15620900.671969987 -16833131.445050973 -0.5851560832155212
-15620901.60181914 -16833132.78085922 0.6591393948173326
-15620901.993537197 -16833130.153462797 -1.3807444742202024
-15620903.030561736 -16833133.990968175 0.18186905698433453
-15620903.572230758 -16833132.216282163 1.306914421984465
-15620902.571529267 -16833134.475622233 0.44706131073194555
-15620900.793820221 -16833130.82475646 -0.9383631659919706
-15620901.297098022 -16833130.83212471 -1.5704981602481622
-15620904.018234003 -16833131.066961147 -0.7595403969106813
-15620900.202637738 -16833131.115695756 0.209902449395798
-15620901.957077336 -16833134.03276095 -0.8463174408484284
-15620899.24355399 -16833132.53718988 0.19949170107168798
-15620903.9322827 -16833133.05809196 -0.8878512735825601
-15620901.197894914 -16833130.19471299 -0.6727547861428986
-15620903.139812138 -16833132.310698517 1.0510574846872969
-15620902.161142077 -16833132.39713673 0.3575642389431751
-15620900.864889514 -16833132.66592383 -0.9013314904390727
-15620901.96123094 -16833132.997958872 -1.4571784200736555
-15620901.232608106 -16833133.649373665 -0.01245183624674416
-15620901.845762879 -16833131.535591457 1.6782464534315324
-15620905.039487144 -16833131.698759023 -1.2130065904577003
-15620900.883282423 -16833132.561923802 -0.3824385828986055
-15620898.742331374 -16833132.4607002 0.545612964947805
-15620902.217126237 -16833133.32934873 0.7379474459374116
-15620899.46330817 -16833130.71766986 0.6447683308117312
-15620903.756415876 -16833131.034062207 -0.5863831336248352
-15620899.704528391 -16833133.31196865 -1.7221793838567978
-15620902.49483344 -16833133.880353276 -1.9236138663095521
-15620903.509724412 -16833133.13664024 0.36990190471754786
-15620902.557131257 -16833131.06901446 1.5629182984232346
-15620899.42240139 -16833131.351796594 0.24976437558586675
-15620903.520101788 -16833134.748221114 1.5305433993355322
-15620903.127115596 -16833132.756483663 1.148279239402742
-15620902.562148415 -16833131.20305248 -0.9714408641357758
-15620900.004464636 -16833130.61937928 -0.5443289162891153
-15620902.619533826 -16833132.74786325 3.438411846853469
-15620903.12713603 -16833131.590418205 -0.6065458432314952
-15620902.84531027 -16833132.227478817 -1.0861613116639057
-15620900.706953991 -16833131.429400858 -0.2919461548459543
-15620901.904943248 -16833131.66041143 0.931318437522913
-15620902.56004246 -16833131.48256247 1.2329938419361124
-15620902.598489158 -16833132.979004607 1.2725211397038567
-15620900.19536871 -16833133.125210043 -1.0424149810560468
-15620902.619145619 -16833131.73133162 1.0229169062380719
-15620902.662667053 -16833133.13736436 0.06525792267430988
-15620900.67858177 -16833131.471308637 -1.1359067738240596
-15620903.318270713 -16833132.116036564 1.9785229307602408
-15620902.91574482 -16833133.75366959 0.07825782939544818
-15620902.36666167 -16833130.870191265 -0.32780139343183345
-15620900.60948989 -16833131.53677144 -1.2699209251515444
-15620901.347939085 -16833131.522257607 0.6851736968076363
-15620902.644319044 -16833132.455933228 -0.8171274974824958
-15620902.149538815 -16833133.43090401 1.740974597836835
-15620900.627763132 -16833130.47726682 0.7468514800764741
-15620900.659750056 -16833131.70527587 2.059097035438706
-15620903.589140242 -16833133.601651546 0.09598830980058291
-15620903.644931555 -16833133.82285512 0.6758943699740387
-15620899.644510176 -16833130.13100583 -0.716979033532984
-15620904.0064301 -16833133.96062229 0.5977796486818295
-15620902.71459347 -16833133.212687466 0.12607713050708
-15620903.018158117 -16833134.63740902 -0.12168717684243116
-15620901.83930871 -16833129.48533036 -1.5980904514021839
-15620900.766732108 -16833130.607397374 0.792222324726599
-15620901.688626772 -16833133.07102923 -1.0749142402768732
-15620900.060965315 -16833131.661474153 -0.7253944638794706
-15620903.48994269 -16833133.16260641 0.6960191829334779
-15620900.3376317 -16833131.602096755 -0.9433324139837449
-15620903.23799416 -16833133.11984293 -0.27186055055034714
-15620900.896647202 -16833131.672212716 -0.8040435230427753
-15620902.150986692 -16833131.095952056 1.372305802142037
-15620902.049597979 -16833132.702149276 -0.19690095425615795
-15620900.738539042 -16833131.5431392 1.2648996341987002