-15989347.94235135 -16288955.58033728 0.14970939803851271
-15989346.305160338 -16288955.242724098 -0.4306387150065598
-15989344.13900632 -16288955.544290483 1.0864854657224012
-15989346.050775278 -16288954.62601119 -1.2272644536224868
-15989347.643599594 -16288955.26889999 -0.15388183616173579
-15989345.71801781 -16288954.790569976 -0.03565925359060838
-15989345.518538013 -16288954.383207662 -1.6881268431305394
-15989346.704135314 -16288955.457928928 0.8780923095292631
-15989347.326121254 -16288955.065130621 0.951708451935251
-15989347.123613935 -16288953.198960211 -0.4991820456964279
-15989345.859841144 -16288956.350218598 -0.20079585403456418
-15989347.397889663 -16288954.69948149 -1.193896160194153
-15989345.989001032 -16288955.669229146 1.7174326757797858
-15989345.059994323 -16288954.959687643 1.2944437656103092
-15989346.162844812 -16288954.907434078 -1.4671908957218207
-15989346.528197883 -16288955.126108265 -0.692312108610404
-15989346.184538204 -16288955.826098317 0.7608875298295217
-15989347.286793591 -16288956.32020997 -0.2533817385186951
-15989347.8399464 -16288957.46865996 -0.22623299407408534
-15989345.823566424 -16288955.851691106 0.6554757634990304
-15989345.957388872 -16288953.401577631 -0.1102699485353344
-15989346.950155936 -16288956.325112345 -0.533919850068884
-15989346.962111544 -16288953.635411149 -1.1487339075885812
-15989347.36631722 -16288957.34344147 0.42123965302197164
-15989348.120011063 -16288955.271382058 -0.1593754548230001
-15989345.913155623 -16288956.340487262 -0.2876627405653878
-15989345.525243137 -16288953.5329883 -0.38155153624700755
-15989345.397903815 -16288955.56328495 0.8784232212426747
-15989345.954140387 -16288956.058291644 0.35516304487318734
-15989345.336104926 -16288954.689804746 0.9179503576684769
-15989347.234964807 -16288955.32235309 0.733010487108873
-15989344.742481811 -16288953.010591125 0.04164210781371276
-15989346.105676828 -16288956.084931573 -0.7928959492402822
-15989346.229200114 -16288955.988803564 1.460859998282847
-15989346.706080997 -16288957.593878565 1.2078805630169083
-15989344.574686695 -16288954.698266903 0.11257548581395044
-15989345.818061331 -16288955.278135363 -1.1962258133983115
-15989343.755174024 -16288953.882918421 0.7874974703565678
-15989346.641957954 -16288956.58717133 0.19659201095548678
-15989345.370422179 -16288955.834194941 -0.06038647905450417
-15989347.546329552 -16288954.840408761 0.029847162554666712
-15989347.034381201 -16288956.229307719 1.1079327107302943
-15989345.905132445 -16288953.066206574 0.5973444204981772
-15989347.301874526 -16288956.32117198 -0.540385013453471
-15989348.228117382 -16288955.29274168 -0.4646195476312262
-15989345.922108842 -16288955.313944712 0.8340704411969004
-15989346.456559446 -16288956.093242042 -0.37467294716065375
-15989346.855615458 -16288957.34216174 2.107734584477106
-15989346.3518402 -16288954.427531315 1.713013206540937
-15989346.482089775 -16288955.992649313 1.3156439129924058
-15989347.518861456 -16288956.1611348 -0.06519907686457396
-15989348.685258728 -16288955.489175405 0.028148500545060462
-15989345.50618412 -16288954.822050435 -1.0317860482500116
-15989345.24854448 -16288955.595717512 0.9076431730363678
-15989345.21320659 -16288955.40382127 1.0694824606635611
-15989345.740975283 -16288955.890174797 1.3185941937826584
-15989345.958035612 -16288956.269611925 -0.6728070327455988
-15989345.680825515 -16288955.974128852 -1.039325223056987
-15989345.838721348 -16288954.930627616 -1.5203609994706468
-15989346.780271703 -16288956.043898903 0.5278914886307726
-15989345.342628421 -16288953.37948765 -1.3522686627211058
-15989347.030256493 -16288957.172320986 0.42785159160925335
-15989345.718699252 -16288953.803771198 0.1697515136619608
-15989344.962241882 -16288953.7629176 0.29258607542663956
-15989347.52023072 -16288955.313220812 -0.6807605747286964
-15989344.4260845 -16288954.653519819 -0.16345056733599922
-15989345.022581713 -16288954.386715092 -1.1248137518330221
-15989346.439876482 -16288954.20092133 -1.1846204496914938
-15989347.308539363 -16288952.688426025 -0.027716093775589326
-15989347.250701291 -16288954.673588563 0.1140830026306518
-15989348.076553918 -16288957.500976231 1.3596969232957163
-15989346.512447992 -16288956.604911778 -1.9522475546778644
-15989346.141597217 -16288956.595058015 0.03313631852326887
-15989345.69606553 -16288953.67328946 0.8447995546994709
-15989347.101945888 -16288955.468061628 -2.1043193636818813
-15989346.120813882 -16288954.240760943 2.629235509205018
-15989345.381199664 -16288953.489788344 0.7149588287158262
-15989347.203793367 -16288952.831427531 -0.1755520644573008
-15989344.723116579 -16288954.048797147 -1.035025394601515
-15989344.630329205 -16288953.99698862 -1.3651626553656946
-15989346.565702617 -16288954.647362543 0.9173168895249768