9324999.38301835 -20881277.57141422 1.1882890940101063
9324997.882359192 -20881275.046217106 -0.9879725650480682
9324997.651919343 -20881276.311035674 -1.31592070679841
9324998.0135828 -20881274.340635043 0.34870019113200557
9324996.495588742 -20881274.76357514 -0.6853337708768181
9325000.052371584 -20881275.170037985 -0.14657439505427153
9324999.137621496 -20881275.507891286 0.06320763109449701
9324997.617086109 -20881277.975156527 0.11394380071010381
9324997.36796052 -20881276.920408137 0.782487723075009
9324998.018256921 -20881277.824866228 0.06272223407332615
9325000.280024694 -20881275.596811924 0.45458177014538487
9324998.417362 -20881276.852771427 1.494855250665348
9324999.327671459 -20881276.215748206 -0.14706107041463953
9324999.898590473 -20881276.25714915 -0.8586703291262355
9324998.89646259 -20881277.40985403 1.371838409101009
9324997.771494688 -20881276.54628965 -0.3674229168384783
9324998.787437188 -20881277.960485775 0.535253274121579
9324997.021138895 -20881276.310695607 -0.8500069463533012
9324999.29012291 -20881274.23385131 0.7164585687469445
9324997.999061352 -20881275.54742154 -1.51239893580601
9324999.542233473 -20881276.75472078 -0.00022677008796092787
9324999.267597307 -20881277.480153702 0.5218650474532408
9324999.219385266 -20881277.31332106 0.8366024102403313
9324996.41255286 -20881276.991837934 0.7738542318133048
9324997.209530208 -20881276.5944201 -0.5599364059593251
9324998.882467717 -20881277.042088777 0.5933240607209257
9324997.666336056 -20881275.514971826 -0.7916316577042417
9324997.769194543 -20881274.499809597 0.9084978162251958
9324998.068041237 -20881274.036501154 1.3647642435371279
9325000.188123308 -20881277.270019464 -1.0136407053394167
9324998.276374396 -20881277.524558906 -0.45844150540299167
9324997.99625393 -20881276.551847067 -0.280316770296058
9324997.142106976 -20881274.955729716 1.6356486572491746
9324999.275110655 -20881276.60228053 0.4873604800919945
9324996.592812447 -20881276.81885687 -0.03972440611798737
9324997.732470779 -20881277.353183832 -0.3748102097019851
9324998.690175777 -20881275.506939884 -0.308873885340462
9325001.480408994 -20881277.478680994 0.03269342454031911
9324999.539794737 -20881277.104873054 1.4748049838959398
9324999.395718852 -20881278.080364846 0.6496359029778286
9324997.65740903 -20881275.47757137 0.4771850500094389
9324998.610007212 -20881274.643964104 -0.43766833049546017
9324997.8959546 -20881274.815032866 1.8090553352641392
9324999.499039639 -20881276.14627445 0.6845406089999279
9324998.947491506 -20881277.513468683 0.7588348883692542
9324998.8701122 -20881275.125054624 -0.46563401985370534
9324995.893729664 -20881275.172301278 0.15986893687736559
9324997.789496504 -20881274.895038962 -0.9102123028346931
9324998.670290623 -20881275.729696702 -0.5921280770482388
9324999.325926315 -20881277.317301758 1.0953804810225363
9324999.450816853 -20881276.435197752 1.4153030430040618
9324998.687749337 -20881276.167469412 -0.8787437312845962
9324997.761940073 -20881276.380013626 -0.28427293476004933
9324998.906082848 -20881277.171666913 -0.41388042410355613
9324999.677021248 -20881274.532829713 -0.4614766195113957
9324998.485876046 -20881275.626132615 -1.3725289820006858
9324999.25583505 -20881277.9938147 -0.5314666144319756
9325000.255291829 -20881276.023025185 0.2112047059696875
9324998.962933112 -20881274.791912585 0.04382161585432154
9324998.573048953 -20881277.319213208 -0.534120731023249
9324996.694131445 -20881275.671928223 -1.4908236064616536
9324997.67396165 -20881277.73003949 0.30731670377448883
9324996.705529733 -20881275.83691326 -0.20966632171261196
9324998.577456478 -20881276.08173648 1.348192078945409
9324999.768208303 -20881275.17598545 -0.15251564214382807
9324997.42561067 -20881277.273178604 -0.6190227851685303
9324997.403452272 -20881275.618860293 -0.7496987218247041
9324998.457667064 -20881277.524693947 -0.19407198275374082
9324998.190283481 -20881277.75124341 -2.1522207752137206
9324996.22024981 -20881276.76425114 -1.191692347682216
9324998.596327186 -20881276.493262734 -0.6395347490895014
9324997.183591116 -20881275.07277989 0.029842445447855234
9324999.574807351 -20881277.875452057 0.2745821052268786
9324996.685019556 -20881276.052798945 1.1160804141227842
9324999.059144648 -20881278.065921735 0.4653544676317884
9324998.949570458 -20881275.003359955 0.6985952933374895
9324998.127852391 -20881276.511090796 -2.040589217658808
9324999.067318002 -20881278.312172875 -1.731938667235015
9324998.015178932 -20881278.201500926 0.8057559443248189
9324999.013049025 -20881276.24975453 -1.5860092641774546
9324998.969668267 -20881277.101437915 -0.1372258881791806